       1e-09
50
         0.1
         100
460
      1.7071
     0.70711
      1.6636
     0.70711
      1.6764
     0.67637
      1.6202
     0.70711
      1.6456
     0.64562
      1.6056
     0.66536
      1.5767
     0.70711
      1.6149
     0.61488
      1.5707
     0.65209
      1.5332
     0.70711
      1.5841
     0.58413
      1.5496
     0.61441
      1.5213
     0.65885
      1.4897
     0.70711
      1.5534
     0.55339
      1.5285
     0.57673
      1.5064
     0.61387
       1.478
     0.65853
      1.4853
     0.57619
      1.4462
     0.70711
      1.5226
     0.52265
      1.4632
     0.61333
      1.4346
      0.6582
      1.4676
      0.5342
      1.4421
     0.57565
        1.42
     0.61279
      1.4028
     0.70711
      1.4919
      0.4919
      1.3913
     0.65788
      1.4209
     0.53797
       1.443
     0.50083
      1.3989
     0.57511
      1.3768
     0.61225
      1.3593
     0.70711
      1.4612
     0.46116
       1.348
     0.65756
      1.4226
     0.47106
      1.3998
     0.50029
      1.3777
     0.53743
      1.3557
     0.57457
      1.3336
     0.61171
      1.3158
     0.70711
      1.4304
     0.43041
      1.3047
     0.65723
      1.3566
     0.49975
       1.386
     0.45546
      1.3345
     0.53689
      1.3125
     0.57403
      1.2904
     0.61117
      1.2723
     0.70711
      1.3997
     0.39967
      1.3355
     0.46207
      1.3134
     0.49921
      1.2614
     0.65691
      1.3575
     0.42493
      1.2914
     0.53635
      1.2693
     0.57349
      1.2472
     0.61063
      1.2288
     0.70711
      1.3689
     0.36893
      1.2923
     0.46153
      1.3144
     0.42439
      1.2702
     0.49867
      1.3364
     0.38725
      1.2482
     0.53581
      1.2181
     0.65659
      1.2261
     0.57295
       1.204
     0.61009
      1.2712
     0.42385
      1.2491
     0.46099
      1.1854
     0.70711
      1.3382
     0.33818
      1.2932
     0.38671
       1.227
     0.49813
       1.205
     0.53527
      1.1748
     0.65626
      1.1829
     0.57241
      1.1608
     0.60955
       1.228
     0.42331
        1.25
     0.38617
      1.2059
     0.46045
      1.2781
     0.34639
      1.1838
     0.49759
      1.1419
     0.70711
      1.3074
     0.30744
      1.1618
     0.53473
      1.1315
     0.65593
      1.1397
     0.57187
      1.2068
     0.38563
      1.1848
     0.42277
      1.1176
     0.60901
      1.2289
     0.34849
      1.1627
     0.45991
       1.251
     0.31136
      1.1406
     0.49705
      1.0984
     0.70711
      1.2767
      0.2767
      1.1186
     0.53419
      1.0882
     0.65558
      1.0965
     0.57133
      1.1636
      0.3851
      1.1857
     0.34796
      1.1416
     0.42223
      1.2078
     0.31082
      1.1195
     0.45937
      1.0744
     0.60847
      1.2298
     0.27368
      1.0974
     0.49651
      1.0549
     0.70711
       1.246
     0.24595
      1.0754
     0.53365
       1.045
     0.65509
      1.0533
     0.57079
      1.1425
     0.34742
      1.1204
     0.38456
      1.1646
     0.31028
      1.0984
      0.4217
      1.1866
     0.27314
      1.0763
     0.45884
      1.0312
     0.60793
      1.0542
     0.49597
      1.0115
     0.70711
      1.2152
     0.21521
      1.0322
     0.53311
      1.0993
     0.34688
      1.0021
     0.65379
      1.1214
     0.30974
      1.0772
     0.38402
      1.0101
     0.57025
      1.1434
      0.2726
      1.0552
     0.42116
      1.1655
     0.23546
      1.0331
      0.4583
     0.98804
     0.60739
       1.011
     0.49544
     0.98897
     0.53258
     0.96798
     0.70711
      1.1845
     0.18446
      1.0782
      0.3092
      1.0561
     0.34634
      1.1002
     0.27206
       1.034
     0.38348
     0.96166
     0.64755
      1.1223
     0.23492
       1.012
     0.42062
     0.96691
     0.56971
      1.1464
     0.20095
     0.98991
     0.45776
     0.94484
     0.60685
     0.96784
      0.4949
     0.93714
     0.67489
     0.94578
     0.53204
       1.035
     0.30866
       1.057
     0.27152
      1.0129
      0.3458
      0.9245
     0.70711
      1.1537
     0.15372
      1.0791
     0.23438
     0.99084
     0.38294
     0.92278
     0.64399
      1.1063
     0.19618
     0.96878
     0.42008
     0.92371
     0.56918
     0.94671
     0.45722
     0.90446
      0.6717
     0.92465
     0.49436
     0.90165
     0.60632
      1.0138
     0.27098
     0.99178
     0.30812
      1.0359
     0.23384
     0.96971
     0.34526
     0.90258
      0.5315
       1.058
      0.1967
     0.94765
      0.3824
     0.88102
     0.70711
       1.123
     0.12298
      1.0894
     0.15841
     0.88241
     0.63721
     0.92558
     0.41954
     0.88485
     0.56694
     0.90352
     0.45668
     0.86192
     0.67461
     0.86027
     0.60199
     0.97065
     0.27044
     0.86811
     0.53616
     0.99271
      0.2333
     0.94858
     0.30758
      1.0148
     0.19616
     0.92651
     0.34472
     0.87061
     0.49811
      1.0368
     0.15902
     0.90445
     0.38186
     0.83754
     0.70711
      1.0922
    0.092232
     0.83967
     0.63951
     0.84578
     0.56332
      1.0589
     0.12188
     0.88238
       0.419
      0.8198
     0.66841
     0.82539
     0.59923
     0.94951
     0.23276
     0.92745
      0.2699
     0.97158
     0.19562
     0.90538
     0.30704
     0.84684
      0.4541
     0.82589
     0.52523
     0.99365
     0.15848
     0.88332
     0.34418
      1.0157
     0.12134
      0.7989
     0.63277
     0.79407
     0.70711
      1.0615
    0.061488
      1.0378
    0.084202
     0.80305
      0.5628
     0.85167
     0.37985
     0.80924
     0.48669
     0.82437
     0.41502
     0.77708
     0.66951
     0.90632
     0.23222
     0.78279
     0.59281
     0.92838
     0.19508
     0.88425
     0.26936
     0.95045
     0.15794
     0.86219
      0.3065
     0.78782
     0.52281
     0.97251
      0.1208
     0.99458
    0.083662
     0.78868
     0.44878
     0.75582
     0.63203
     0.75059
     0.70711
      1.0307
    0.030744
     0.76191
     0.55687
     0.82059
     0.34217
     0.76635
     0.48567
     0.88519
     0.19454
     0.86312
     0.23168
     0.79492
     0.37689
     0.90725
      0.1574
        0.74
     0.59363
     0.92932
     0.12026
     0.73025
     0.66672
     0.77323
     0.41116
     0.95138
    0.083123
     0.74509
     0.51719
     0.82816
     0.26723
     0.97345
    0.045983
     0.80293
      0.3023
     0.75012
     0.44596
     0.71282
     0.63014
     0.71882
     0.55609
     0.70711
     0.70711
           1
           0
     0.77768
     0.33734
     0.86406
     0.15686
      0.7247
     0.48051
     0.88612
     0.11972
     0.83562
     0.19278
     0.75206
     0.37187
     0.90819
    0.082584
      0.8104
     0.22785
     0.69741
     0.58703
     0.93025
    0.045444
     0.72922
     0.40846
      0.7022
     0.51703
     0.78517
     0.26292
     0.67637
     0.67637
     0.95652
           0
     0.75996
     0.29799
     0.67708
     0.62504
     0.70727
     0.44107
     0.73488
     0.33311
     0.67608
     0.55121
     0.81916
     0.15655
     0.84292
     0.11918
     0.86499
    0.082044
      0.6816
     0.47914
     0.71228
     0.36898
     0.79264
     0.18847
     0.88706
    0.044905
     0.76741
     0.22354
      0.6546
     0.58826
     0.64562
     0.64562
     0.91304
           0
     0.68721
     0.40387
     0.74219
     0.25862
     0.65941
     0.51141
     0.71607
     0.29223
     0.66432
     0.44023
     0.77766
     0.15578
     0.79973
     0.11864
     0.69193
      0.3311
     0.82179
    0.081505
     0.75691
     0.18309
     0.63298
     0.55097
     0.84386
    0.044365
     0.66936
      0.3646
     0.63877
     0.47487
     0.61488
     0.61488
     0.86957
           0
      0.6441
     0.40212
     0.72212
     0.20144
     0.61652
     0.51155
     0.69504
     0.24457
     0.67243
     0.28798
     0.75653
     0.11811
     0.73447
     0.15524
     0.62143
     0.43535
      0.7786
    0.080965
     0.80066
    0.043826
     0.64962
     0.32694
     0.59022
     0.54568
     0.58413
     0.58413
     0.82609
           0
     0.62635
     0.36314
     0.59565
     0.47381
     0.60118
     0.39814
     0.57373
     0.50578
     0.65138
     0.24276
     0.63145
     0.28779
     0.71333
     0.11757
      0.7354
    0.080426
     0.69127
     0.15471
     0.75747
    0.043286
      0.6692
     0.19185
     0.57845
     0.43463
     0.55339
     0.55339
     0.78261
           0
     0.60651
     0.32482
      0.5834
     0.35879
     0.55314
     0.47215
     0.61213
     0.24927
     0.55806
      0.3966
      0.6922
    0.079887
     0.67014
     0.11703
     0.71427
    0.042747
     0.64807
     0.15417
     0.58874
     0.28547
     0.62601
     0.19131
     0.52265
     0.52265
     0.73913
           0
     0.53556
     0.42968
     0.56362
     0.32059
     0.54094
     0.35714
     0.51281
     0.46635
     0.56859
     0.24461
     0.64901
    0.079347
     0.67107
    0.042208
     0.62694
     0.11649
     0.51588
     0.39209
     0.60488
     0.15363
      0.4919
      0.4919
     0.69565
           0
     0.54575
     0.28126
     0.58281
     0.19077
     0.49257
     0.42824
     0.52049
     0.31914
     0.49801
     0.35282
     0.62788
    0.041668
     0.60581
    0.078808
     0.58374
     0.11595
     0.52543
      0.2432
     0.46116
     0.46116
     0.65217
           0
     0.56168
     0.15309
     0.47278
      0.3899
     0.53961
     0.19023
     0.50277
     0.27992
     0.47813
     0.31521
     0.45499
     0.35149
     0.58468
    0.041129
     0.56261
    0.078268
     0.43041
     0.43041
      0.6087
           0
     0.54055
     0.11541
     0.51848
     0.15255
     0.49642
     0.18969
     0.42994
     0.38642
     0.45978
     0.27614
     0.47435
     0.22683
     0.43502
     0.31323
     0.41352
     0.35482
     0.54148
    0.040589
     0.39967
     0.39967
     0.56522
           0
     0.51942
    0.077729
     0.49735
     0.11487
     0.47529
     0.15201
     0.45322
     0.18915
     0.41731
     0.27398
     0.43116
     0.22629
     0.39256
     0.30922
     0.36893
     0.36893
     0.52174
           0
     0.49829
     0.04005
     0.47622
     0.07719
     0.45415
     0.11433
     0.39917
     0.23478
     0.43209
     0.15147
     0.41002
     0.18861
     0.37432
      0.2701
     0.33818
     0.33818
     0.47826
           0
     0.45509
     0.03951
     0.34704
     0.29746
     0.43302
     0.07665
     0.41096
     0.11379
     0.38889
     0.15093
     0.36683
     0.18807
     0.34476
     0.22521
      0.3227
     0.26235
     0.30744
     0.30744
     0.43478
           0
     0.41189
    0.038971
     0.38983
    0.076111
     0.36776
     0.11325
      0.3457
     0.15039
     0.32363
     0.18753
     0.29903
     0.23079
      0.2767
      0.2767
      0.3913
           0
     0.36868
    0.038401
     0.34663
    0.075552
     0.32456
     0.11271
      0.3025
     0.14985
     0.28043
     0.18699
     0.24595
     0.24595
     0.34783
           0
     0.32548
    0.037884
     0.30343
    0.075033
     0.28137
     0.11217
     0.25799
     0.14973
     0.23531
      0.1865
     0.21521
     0.21521
     0.30435
           0
     0.28228
    0.037373
     0.26024
    0.074491
     0.23749
     0.11171
     0.21481
     0.14847
     0.18446
     0.18446
     0.26087
           0
     0.23921
    0.036791
     0.21697
    0.073701
     0.18665
     0.11383
     0.15372
     0.15372
     0.21739
           0
     0.19645
    0.035806
     0.17391
    0.072403
     0.12298
     0.12298
     0.17391
           0
     0.15417
    0.034226
     0.12947
    0.072598
    0.092232
    0.092232
     0.13043
           0
     0.10404
    0.041155
    0.061488
    0.061488
    0.086957
           0
    0.071676
    0.029689
    0.030744
    0.030744
    0.043478
           0
           0
           0
826
3
460 459 458
458 459 457
457 459 456
457 456 454
458 457 455
455 457 454
454 456 453
454 453 450
450 453 449
450 449 446
454 450 451
446 449 445
446 445 441
450 446 447
451 450 447
451 447 448
454 451 452
441 445 440
446 441 442
441 440 435
447 446 442
435 440 434
441 435 436
447 442 443
442 441 436
436 435 429
443 442 437
447 443 448
429 435 428
436 429 430
443 437 438
429 428 422
430 429 423
438 437 431
422 428 421
430 423 424
431 437 430
421 428 427
424 423 416
416 423 415
424 416 417
415 423 422
416 415 407
417 416 408
424 417 425
407 415 406
416 407 408
425 417 418
406 415 414
408 407 399
425 418 426
406 414 405
399 407 398
405 414 413
406 405 396
398 407 406
413 414 421
396 405 395
395 405 403
396 395 386
403 405 413
395 403 394
386 395 385
403 413 412
394 403 402
385 395 394
385 394 382
382 394 393
385 382 371
371 382 370
385 371 374
370 382 384
374 371 360
385 374 386
360 371 359
374 360 364
386 374 375
359 371 370
364 360 350
375 374 364
386 375 387
350 360 348
364 350 354
387 375 376
386 387 396
348 360 359
354 350 338
376 375 366
396 387 398
348 359 346
338 350 336
366 375 364
398 387 388
346 359 358
336 350 348
388 387 376
398 388 399
358 359 370
336 348 334
399 388 390
358 370 373
334 348 346
336 334 322
390 388 379
334 346 333
322 334 320
336 322 324
379 388 376
320 334 333
336 324 338
320 333 321
338 324 318
320 321 305
318 324 303
305 321 308
320 305 306
303 324 301
308 321 323
306 305 289
301 324 322
323 321 335
289 305 290
335 321 333
323 335 340
290 305 308
335 333 347
290 308 292
347 333 346
292 308 309
290 292 274
309 308 323
292 309 295
274 292 275
309 323 327
295 309 313
275 292 295
275 295 279
279 295 299
275 279 259
259 279 262
275 259 256
262 279 283
256 259 240
275 256 274
240 259 243
256 240 238
274 256 254
243 259 262
238 240 223
254 256 238
223 240 226
238 223 221
226 240 243
223 226 207
221 223 203
226 243 227
207 226 209
203 223 207
227 243 246
209 226 227
203 207 188
246 243 262
188 207 191
203 188 186
191 207 209
188 191 173
186 188 170
191 209 197
173 191 177
170 188 173
186 170 168
197 209 213
177 191 197
170 173 158
168 170 154
213 209 227
177 197 176
158 173 161
154 170 158
161 173 177
158 161 144
154 158 141
161 177 157
144 161 147
141 158 144
147 161 157
144 147 132
141 144 130
132 147 138
138 147 157
144 132 130
130 132 118
118 132 123
130 118 116
116 118 104
130 116 127
104 118 107
116 104 102
127 116 114
130 127 141
107 118 123
102 104 92
114 116 102
141 127 139
92 104 94
102 92 89
139 127 125
141 139 154
94 104 107
89 92 80
125 127 114
154 139 153
80 92 82
89 80 79
153 139 140
154 153 168
82 92 94
79 80 69
140 139 125
168 153 169
69 80 73
79 69 70
140 125 128
169 153 155
73 80 82
70 69 61
128 125 115
155 153 140
61 69 62
70 61 63
115 125 114
62 69 73
70 63 74
62 73 64
74 63 65
64 73 72
62 64 55
65 63 56
55 64 60
60 64 72
62 55 52
56 63 53
52 55 46
62 52 61
53 63 61
46 55 51
61 52 53
53 52 45
45 52 46
53 45 47
45 46 38
47 45 39
38 46 37
45 38 39
37 46 43
39 38 30
30 38 31
39 30 32
31 38 37
30 31 24
32 30 25
31 37 35
35 37 43
43 46 51
24 31 28
25 30 24
25 24 19
19 24 21
25 19 22
22 19 17
25 22 26
17 19 16
22 17 18
26 22 23
16 19 21
18 17 13
23 22 18
13 17 12
18 13 14
23 18 20
12 17 16
12 16 11
155 140 142
142 140 128
155 142 159
142 128 131
159 142 145
131 128 117
145 142 131
159 145 162
117 128 115
145 131 133
162 145 148
117 115 103
133 131 119
148 145 133
103 115 101
119 131 117
101 115 114
103 101 90
101 114 102
90 101 89
101 102 89
53 47 56
56 47 48
48 47 40
56 48 57
40 47 39
57 48 49
56 57 65
49 48 41
57 49 58
65 57 67
41 48 40
58 49 54
67 57 58
54 49 44
58 54 66
44 49 41
54 44 50
66 54 59
155 159 171
171 159 174
155 171 169
174 159 162
169 171 187
174 162 179
187 171 189
179 162 164
174 179 192
189 171 174
164 162 148
192 179 198
164 148 150
198 179 181
192 198 215
150 148 135
181 179 164
215 198 217
135 148 133
181 164 166
217 198 205
166 164 150
181 166 190
205 198 181
166 150 152
190 166 172
205 181 190
152 150 136
172 166 152
136 150 135
152 136 146
172 152 163
136 135 124
146 136 129
163 152 146
124 135 121
129 136 124
163 146 149
121 135 133
149 146 134
163 149 167
134 146 129
149 134 143
167 149 160
134 129 120
143 134 126
160 149 143
120 129 113
126 134 120
160 143 151
113 129 124
151 143 137
151 137 156
151 156 165
165 156 175
151 165 160
160 165 178
178 165 182
160 178 167
167 178 183
183 178 195
167 183 180
165 175 182
182 175 193
182 193 199
199 193 211
182 199 195
195 199 210
182 195 178
210 199 218
195 210 200
218 199 211
218 211 230
210 218 229
200 210 220
195 200 183
183 200 196
196 200 214
183 196 180
180 196 185
185 196 206
180 185 172
172 185 190
190 185 206
180 172 163
180 163 167
214 200 220
214 220 232
232 220 239
214 232 225
196 214 206
239 220 229
239 229 249
232 239 250
214 225 206
206 225 216
216 225 234
206 216 190
239 249 261
225 232 244
249 229 241
234 225 244
234 244 255
255 244 264
234 255 248
216 234 228
255 264 276
234 248 228
228 248 242
242 248 263
228 242 217
264 244 250
264 250 272
248 255 270
263 248 270
263 270 284
284 270 288
263 284 277
242 263 258
288 270 276
288 276 297
284 288 300
277 284 296
263 277 258
258 277 271
271 277 291
258 271 253
291 277 296
291 296 310
310 296 314
291 310 304
271 291 287
253 271 268
258 253 237
272 250 261
261 250 239
272 261 281
281 261 269
272 281 294
314 296 300
314 300 316
304 310 319
264 272 286
310 314 328
291 304 287
287 304 303
297 276 286
286 276 264
297 286 302
302 286 294
302 294 311
297 302 315
288 297 307
229 218 241
220 210 229
302 311 317
311 294 312
311 312 326
311 326 317
261 249 269
269 249 266
272 294 286
244 232 250
281 282 298
314 316 329
316 300 307
307 300 288
316 307 325
325 307 315
316 325 332
325 315 330
330 315 317
317 315 302
330 317 339
325 330 341
249 241 266
294 281 298
216 228 205
296 284 300
237 253 233
255 276 270
268 271 287
332 325 341
332 341 349
349 341 355
332 349 343
355 341 344
349 355 365
343 349 357
332 343 329
329 343 342
342 343 356
329 342 328
329 328 314
328 342 337
316 332 329
242 258 237
242 237 217
297 315 307
253 268 247
319 310 328
344 341 330
344 330 339
357 349 365
337 342 353
365 355 372
356 343 357
356 357 368
368 357 369
356 368 367
369 357 365
368 369 380
367 368 378
356 367 353
369 365 377
353 367 361
377 365 372
369 377 381
361 367 379
353 361 345
381 377 383
383 377 372
369 381 380
380 381 391
391 381 392
380 391 389
389 391 400
380 389 378
378 389 390
368 380 378
400 391 404
389 400 397
328 337 319
319 337 331
331 337 345
319 331 318
318 331 338
304 319 318
355 344 362
342 356 353
367 378 379
233 253 247
237 233 215
247 268 265
265 268 285
247 265 245
285 268 287
265 285 280
245 265 260
280 285 301
265 280 260
260 280 278
278 280 293
260 278 257
293 280 301
293 301 306
293 306 289
293 289 278
278 289 273
273 289 290
278 273 257
257 273 254
273 290 274
306 301 322
306 322 320
41 40 33
33 40 32
41 33 36
32 40 39
33 32 26
36 33 29
26 32 25
29 33 26
36 29 34
29 26 23
29 23 27
189 174 192
189 192 208
208 192 215
189 208 204
208 215 233
204 208 224
224 208 233
204 224 222
222 224 245
204 222 202
202 222 219
204 202 187
219 222 236
202 219 201
187 202 184
236 222 245
201 219 221
184 202 201
221 219 235
201 221 203
235 219 236
221 235 238
201 203 186
235 236 257
238 235 254
201 186 184
254 235 257
184 186 168
184 168 169
184 169 187
247 245 224
41 36 44
44 36 42
227 246 231
13 12 9
9 12 8
13 9 10
347 346 358
347 358 363
65 67 75
75 67 77
65 75 74
77 67 68
74 75 83
68 67 58
77 68 78
83 75 86
68 58 66
78 68 76
77 78 88
86 75 77
68 66 76
88 78 91
86 77 88
76 66 71
91 78 87
88 91 100
86 88 98
87 78 76
91 87 99
100 91 106
98 88 100
99 87 96
100 106 113
113 106 120
100 113 111
120 106 112
111 113 124
112 106 99
120 112 126
99 106 91
112 99 109
126 112 122
87 76 84
74 83 81
81 83 93
74 81 70
93 83 95
81 93 90
70 81 79
95 83 86
93 95 105
90 93 103
79 81 90
95 86 98
105 95 108
103 93 105
79 90 89
95 98 108
108 98 111
111 98 100
108 111 121
121 111 124
108 121 119
119 121 133
108 119 105
105 119 117
105 117 103
345 361 366
418 417 409
409 417 408
418 409 410
409 408 397
410 409 400
418 410 419
303 301 285
406 396 398
82 94 85
245 260 236
414 415 422
414 422 421
404 391 401
443 438 444
364 354 366
366 354 345
274 254 273
205 190 216
335 347 352
143 126 137
423 429 422
354 338 331
424 425 431
215 217 237
397 400 409
260 257 236
437 442 436
318 303 304
408 399 397
73 82 72
438 431 432
432 431 425
438 432 439
379 376 361
436 430 437
246 262 267
376 366 361
94 107 97
94 97 85
213 227 231
390 379 378
400 404 410
428 435 434
189 204 187
399 390 397
397 390 389
197 213 194
217 205 228
430 424 431
353 345 337
413 421 420
428 434 427
352 340 335
4 7 6
6 7 9
6 9 8
4 6 5
392 401 391
404 401 411
404 411 410
427 420 421
21 15 16
16 15 11
298 312 294
231 212 213
213 212 194
50 59 54
448 452 451
230 251 241
299 283 279
20 27 23
426 433 432
432 433 439
393 384 382
5 3 4
351 362 344
351 344 339
96 109 99
327 313 309
10 14 13
411 419 410
412 402 403
11 8 12
326 339 317
194 176 197
71 84 76
35 28 31
266 282 269
269 282 281
267 252 246
34 42 36
439 444 438
373 363 358
1 2 3
3 2 4
123 110 107
107 110 97
122 137 126
85 72 82
340 327 323
7 10 9
420 412 413
59 71 66
452 455 454
251 266 241
283 267 262
27 34 29
384 373 370
362 372 355
138 123 132
109 122 112
60 51 55
313 299 295
14 20 18
419 426 418
402 393 394
8 5 6
176 157 177
84 96 87
28 21 24
252 231 246
42 50 44
444 448 443
363 352 347
383 392 381
233 247 224
331 345 354
285 287 303
432 425 426
230 241 218
69
460
459
458
460
459
456
455
458
456
453
453
449
449
445
445
440
440
434
157
138
72
60
43
35
51
43
312
326
282
298
372
383
97
85
434
427
352
340
392
401
401
411
427
420
21
15
15
11
298
312
231
212
212
194
448
452
299
283
426
433
433
439
393
384
5
3
351
362
339
351
327
313
411
419
412
402
11
8
326
339
194
176
35
28
266
282
267
252
439
444
373
363
3
1
123
110
110
97
85
72
340
327
420
412
452
455
251
266
283
267
384
373
362
372
138
123
60
51
313
299
419
426
402
393
8
5
176
157
28
21
252
231
444
448
363
352
383
392
23
137
156
           1 
           0
156
175
           1 
           0
175
193
           1 
           0
193
211
           1 
           0
211
230
           1 
           0
4
7
           1 
           0
50
59
           1 
           0
230
251
           1 
           0
20
27
           1 
           0
96
109
           1 
           0
10
14
           1 
           0
71
84
           1 
           0
34
42
           1 
           0
1
2
           1 
           0
2
4
           1 
           0
122
137
           1 
           0
7
10
           1 
           0
59
71
           1 
           0
27
34
           1 
           0
109
122
           1 
           0
14
20
           1 
           0
84
96
           1 
           0
42
50
           1 
           0
0
