       1e-09
5000
        0.1
        100
1896
           1
           1
           1
       0.975
       0.975
           1
     0.98178
     0.97012
     0.96019
     0.97969
           1
        0.95
        0.95
           1
     0.95349
     0.95497
     0.97832
      0.9375
      0.9375
     0.97832
           1
       0.925
       0.925
           1
     0.95665
       0.925
       0.925
     0.95665
     0.97832
      0.9125
      0.9125
     0.97832
     0.93497
      0.9375
           1
         0.9
         0.9
           1
     0.95665
         0.9
         0.9
     0.95665
     0.93497
      0.9125
     0.91321
     0.93072
     0.97832
      0.8875
      0.8875
     0.97832
           1
       0.875
       0.875
           1
     0.91406
      0.9026
     0.93497
      0.8875
      0.8875
     0.93497
     0.95665
       0.875
       0.875
     0.95665
     0.89598
     0.91415
     0.97832
      0.8625
      0.8625
     0.97832
           1
        0.85
        0.85
           1
     0.93497
      0.8625
      0.8625
     0.93497
     0.91329
       0.875
       0.875
     0.91329
     0.89262
     0.89149
     0.95665
        0.85
        0.85
     0.95665
     0.97832
      0.8375
      0.8375
     0.97832
     0.91329
        0.85
        0.85
     0.91329
           1
       0.825
       0.825
           1
     0.93497
      0.8375
      0.8375
     0.93497
     0.89162
      0.8625
     0.86653
     0.88402
     0.95665
       0.825
       0.825
     0.95665
     0.97832
      0.8125
      0.8125
     0.97832
     0.91329
       0.825
       0.825
     0.91329
     0.89162
      0.8375
      0.8375
     0.89162
     0.86881
     0.85365
     0.93497
      0.8125
      0.8125
     0.93497
        0.85
     0.86994
           1
         0.8
         0.8
           1
     0.95665
         0.8
         0.8
     0.95665
     0.97832
      0.7875
      0.7875
     0.97832
     0.89162
      0.8125
      0.8125
     0.89162
     0.91329
         0.8
         0.8
     0.91329
     0.86994
       0.825
       0.825
     0.86994
     0.84318
     0.84295
     0.93497
      0.7875
      0.7875
     0.93497
       0.775
           1
           1
       0.775
       0.775
     0.95665
     0.95665
       0.775
      0.7625
     0.97832
     0.97832
      0.7625
     0.89162
      0.7875
      0.7875
     0.89162
     0.86994
         0.8
         0.8
     0.86994
       0.775
     0.91329
     0.91329
       0.775
     0.84827
      0.8125
      0.8142
     0.84603
      0.7625
     0.93497
     0.93497
      0.7625
     0.82659
       0.825
        0.75
           1
           1
        0.75
        0.75
     0.95665
     0.95665
        0.75
       0.775
     0.86994
     0.86994
       0.775
      0.7625
     0.89162
     0.89162
      0.7625
     0.84827
      0.7875
      0.7875
     0.84827
     0.97832
      0.7375
      0.7375
     0.97832
        0.75
     0.91329
     0.91329
        0.75
     0.82659
         0.8
     0.80294
     0.82008
     0.93497
      0.7375
      0.7375
     0.93497
       0.725
           1
           1
       0.725
       0.725
     0.95665
     0.95665
       0.725
        0.75
     0.86994
     0.86994
        0.75
      0.7625
     0.84827
     0.84827
      0.7625
     0.89162
      0.7375
      0.7375
     0.89162
       0.775
     0.82659
     0.82659
       0.775
      0.7125
     0.97832
     0.97832
      0.7125
       0.725
     0.91329
     0.91329
       0.725
     0.80491
      0.7875
     0.78492
     0.80369
      0.7125
     0.93497
     0.93497
      0.7125
         0.7
           1
           1
         0.7
         0.7
     0.95665
     0.95665
         0.7
      0.7375
     0.84827
     0.84827
      0.7375
       0.725
     0.86994
     0.86994
       0.725
        0.75
     0.82659
     0.82659
        0.75
      0.7125
     0.89162
     0.89162
      0.7125
      0.7625
     0.80491
     0.80491
      0.7625
     0.77923
     0.77937
         0.7
     0.91329
     0.91329
         0.7
      0.6875
     0.97832
     0.97832
      0.6875
      0.6875
     0.93497
     0.93497
      0.6875
       0.675
           1
           1
       0.675
      0.7125
     0.84827
     0.84827
      0.7125
       0.725
     0.82659
     0.82659
       0.725
         0.7
     0.86994
     0.86994
         0.7
      0.7375
     0.80491
     0.80491
      0.7375
       0.675
     0.95665
     0.95665
       0.675
      0.6875
     0.89162
     0.89162
      0.6875
        0.75
     0.78324
     0.78324
        0.75
       0.675
     0.91329
     0.91329
       0.675
     0.76156
      0.7625
      0.6625
     0.97832
     0.97832
      0.6625
      0.6625
     0.93497
     0.93497
      0.6625
         0.7
     0.82659
     0.82659
         0.7
      0.6875
     0.84827
     0.84827
      0.6875
      0.7125
     0.80491
     0.80491
      0.7125
        0.65
           1
           1
        0.65
       0.675
     0.86994
     0.86994
       0.675
       0.725
     0.78324
     0.78324
       0.725
     0.95665
        0.65
        0.65
     0.95665
      0.6625
     0.89162
     0.89162
      0.6625
      0.7375
     0.76156
     0.75619
     0.73885
     0.91329
        0.65
        0.65
     0.91329
      0.6375
     0.97832
     0.97832
      0.6375
     0.93497
      0.6375
      0.6375
     0.93497
       0.675
     0.82659
     0.82659
       0.675
      0.6875
     0.80491
     0.80491
      0.6875
      0.6625
     0.84827
     0.84827
      0.6625
         0.7
     0.78324
     0.78324
         0.7
     0.86994
        0.65
        0.65
     0.86994
      0.7125
     0.76156
     0.76156
      0.7125
       0.625
           1
           1
       0.625
     0.72761
     0.73914
       0.625
     0.95665
     0.95665
       0.625
     0.89162
      0.6375
      0.6375
     0.89162
     0.74124
     0.72048
       0.625
     0.91329
     0.91329
       0.625
      0.6125
     0.97832
     0.97832
      0.6125
      0.6625
     0.80491
     0.80491
      0.6625
        0.65
     0.82659
     0.82659
        0.65
       0.675
     0.78324
     0.78324
       0.675
      0.6125
     0.93497
     0.93497
      0.6125
     0.84827
      0.6375
      0.6375
     0.84827
      0.6875
     0.76156
     0.76156
      0.6875
     0.86994
       0.625
       0.625
     0.86994
         0.7
     0.73988
     0.73988
         0.7
         0.6
           1
           1
         0.6
         0.6
     0.95665
     0.95665
         0.6
     0.89162
      0.6125
      0.6125
     0.89162
     0.71821
      0.7125
     0.91329
         0.6
         0.6
     0.91329
      0.6375
     0.80491
     0.80491
      0.6375
        0.65
     0.78324
     0.78324
        0.65
      0.5875
     0.97832
     0.97832
      0.5875
     0.82659
       0.625
       0.625
     0.82659
      0.6625
     0.76156
     0.76156
      0.6625
     0.84827
      0.6125
      0.6125
     0.84827
       0.675
     0.73988
     0.73988
       0.675
      0.5875
     0.93497
     0.93497
      0.5875
     0.86994
         0.6
         0.6
     0.86994
      0.6875
     0.71821
     0.71821
      0.6875
       0.575
           1
           1
       0.575
     0.69909
     0.69795
     0.89162
      0.5875
      0.5875
     0.89162
       0.575
     0.95665
     0.95665
       0.575
     0.78324
       0.625
       0.625
     0.78324
       0.575
     0.91329
     0.91329
       0.575
     0.80491
      0.6125
      0.6125
     0.80491
      0.6375
     0.76156
     0.76156
      0.6375
     0.82659
         0.6
         0.6
     0.82659
        0.65
     0.73988
     0.73988
        0.65
     0.97832
      0.5625
      0.5625
     0.97832
     0.84827
      0.5875
      0.5875
     0.84827
      0.6625
     0.71821
     0.71821
      0.6625
     0.93497
      0.5625
      0.5625
     0.93497
     0.86994
       0.575
       0.575
     0.86994
       0.675
     0.69653
     0.69653
       0.675
        0.55
           1
           1
        0.55
     0.89162
      0.5625
      0.5625
     0.89162
        0.55
     0.95665
     0.95665
        0.55
     0.78324
         0.6
         0.6
     0.78324
     0.76156
      0.6125
      0.6125
     0.76156
     0.80491
      0.5875
      0.5875
     0.80491
     0.73988
       0.625
       0.625
     0.73988
        0.55
     0.91329
     0.91329
        0.55
     0.82659
       0.575
       0.575
     0.82659
     0.71821
      0.6375
      0.6375
     0.71821
      0.5375
     0.97832
     0.97832
      0.5375
     0.84827
      0.5625
      0.5625
     0.84827
        0.65
     0.69653
     0.69653
        0.65
      0.5375
     0.93497
     0.93497
      0.5375
     0.66908
     0.66863
        0.55
     0.86994
     0.86994
        0.55
       0.525
           1
           1
       0.525
      0.5375
     0.89162
     0.89162
      0.5375
     0.76156
      0.5875
      0.5875
     0.76156
       0.525
     0.95665
     0.95665
       0.525
     0.78324
       0.575
       0.575
     0.78324
     0.73988
         0.6
         0.6
     0.73988
     0.80491
      0.5625
      0.5625
     0.80491
     0.71821
      0.6125
      0.6125
     0.71821
     0.82659
        0.55
        0.55
     0.82659
     0.69653
       0.625
       0.625
     0.69653
       0.525
     0.91329
     0.91329
       0.525
      0.5375
     0.84827
     0.84827
      0.5375
     0.67485
      0.6375
     0.63973
     0.67209
      0.5125
     0.97832
     0.97832
      0.5125
      0.5125
     0.93497
     0.93497
      0.5125
       0.525
     0.86994
     0.86994
       0.525
     0.65318
        0.65
     0.76156
      0.5625
      0.5625
     0.76156
     0.73988
       0.575
       0.575
     0.73988
      0.5125
     0.89162
     0.89162
      0.5125
     0.78324
        0.55
        0.55
     0.78324
     0.71821
      0.5875
      0.5875
     0.71821
         0.5
           1
           1
         0.5
         0.5
     0.95665
     0.95665
         0.5
      0.5375
     0.80491
     0.80491
      0.5375
     0.69653
         0.6
         0.6
     0.69653
       0.525
     0.82659
     0.82659
       0.525
     0.67485
      0.6125
      0.6125
     0.67485
         0.5
     0.91329
     0.91329
         0.5
      0.5125
     0.84827
     0.84827
      0.5125
     0.65318
       0.625
      0.4875
     0.97832
     0.97832
      0.4875
     0.62862
     0.64598
      0.4875
     0.93497
     0.93497
      0.4875
         0.5
     0.86994
     0.86994
         0.5
     0.73988
        0.55
        0.55
     0.73988
      0.5375
     0.76156
     0.76156
      0.5375
     0.71821
      0.5625
      0.5625
     0.71821
       0.525
     0.78324
     0.78324
       0.525
     0.69653
       0.575
       0.575
     0.69653
      0.4875
     0.89162
     0.89162
      0.4875
       0.475
           1
           1
       0.475
      0.5125
     0.80491
     0.80491
      0.5125
     0.67485
      0.5875
      0.5875
     0.67485
       0.475
     0.95665
     0.95665
       0.475
         0.5
     0.82659
     0.82659
         0.5
     0.65318
         0.6
         0.6
     0.65318
       0.475
     0.91329
     0.91329
       0.475
     0.63069
     0.61584
      0.4875
     0.84827
     0.84827
      0.4875
      0.6125
      0.6315
      0.4625
     0.97832
     0.97832
      0.4625
       0.475
     0.86994
     0.86994
       0.475
     0.93497
      0.4625
      0.4625
     0.93497
       0.525
     0.73988
     0.73988
       0.525
     0.71821
      0.5375
      0.5375
     0.71821
      0.5125
     0.76156
     0.76156
      0.5125
     0.69653
        0.55
        0.55
     0.69653
         0.5
     0.78324
     0.78324
         0.5
     0.67485
      0.5625
      0.5625
     0.67485
      0.4625
     0.89162
     0.89162
      0.4625
      0.4875
     0.80491
     0.80491
      0.4875
     0.65318
       0.575
       0.575
     0.65318
        0.45
           1
           1
        0.45
        0.45
     0.95665
     0.95665
        0.45
       0.475
     0.82659
     0.82659
       0.475
      0.6315
      0.5875
      0.5875
      0.6315
        0.45
     0.91329
     0.91329
        0.45
     0.60514
     0.60505
      0.4625
     0.84827
     0.84827
      0.4625
      0.4375
     0.97832
     0.97832
      0.4375
      0.5125
     0.71821
     0.71821
      0.5125
         0.5
     0.73988
     0.73988
         0.5
       0.525
     0.69653
     0.69653
       0.525
        0.45
     0.86994
     0.86994
        0.45
      0.4875
     0.76156
     0.76156
      0.4875
     0.67485
      0.5375
      0.5375
     0.67485
      0.4375
     0.93497
     0.93497
      0.4375
       0.475
     0.78324
     0.78324
       0.475
     0.65318
        0.55
        0.55
     0.65318
      0.4625
     0.80491
     0.80491
      0.4625
      0.6315
      0.5625
      0.5625
      0.6315
     0.89162
      0.4375
      0.4375
     0.89162
       0.425
           1
           1
       0.425
       0.425
     0.95665
     0.95665
       0.425
        0.45
     0.82659
     0.82659
        0.45
     0.60982
       0.575
       0.575
     0.60982
     0.91329
       0.425
       0.425
     0.91329
     0.84827
      0.4375
      0.4375
     0.84827
     0.58815
      0.5875
      0.4875
     0.71821
     0.71821
      0.4875
         0.5
     0.69653
     0.69653
         0.5
       0.475
     0.73988
     0.73988
       0.475
      0.5125
     0.67485
     0.67485
      0.5125
      0.4125
     0.97832
     0.97832
      0.4125
      0.4625
     0.76156
     0.76156
      0.4625
       0.525
     0.65318
     0.65318
       0.525
       0.425
     0.86994
     0.86994
       0.425
      0.4125
     0.93497
     0.93497
      0.4125
        0.45
     0.78324
     0.78324
        0.45
      0.6315
      0.5375
      0.5375
      0.6315
     0.80491
      0.4375
      0.4375
     0.80491
     0.60982
        0.55
        0.55
     0.60982
      0.4125
     0.89162
     0.89162
      0.4125
         0.4
           1
           1
         0.4
       0.425
     0.82659
     0.82659
       0.425
     0.58815
      0.5625
         0.4
     0.95665
     0.95665
         0.4
     0.56504
     0.58204
         0.4
     0.91329
     0.91329
         0.4
       0.475
     0.69653
     0.69653
       0.475
      0.4125
     0.84827
     0.84827
      0.4125
      0.4625
     0.71821
     0.71821
      0.4625
      0.4875
     0.67485
     0.67485
      0.4875
        0.45
     0.73988
     0.73988
        0.45
         0.5
     0.65318
     0.65318
         0.5
     0.76156
      0.4375
      0.4375
     0.76156
      0.5125
      0.6315
      0.6315
      0.5125
      0.3875
     0.97832
     0.97832
      0.3875
         0.4
     0.86994
     0.86994
         0.4
       0.425
     0.78324
     0.78324
       0.425
     0.60982
       0.525
       0.525
     0.60982
      0.3875
     0.93497
     0.93497
      0.3875
      0.4125
     0.80491
     0.80491
      0.4125
     0.58815
      0.5375
      0.5375
     0.58815
      0.3875
     0.89162
     0.89162
      0.3875
         0.4
     0.82659
     0.82659
         0.4
     0.56647
        0.55
       0.375
           1
           1
       0.375
       0.375
     0.95665
     0.95665
       0.375
     0.54704
     0.56562
        0.45
     0.69653
     0.69653
        0.45
      0.4625
     0.67485
     0.67485
      0.4625
     0.71821
      0.4375
      0.4375
     0.71821
       0.475
     0.65318
     0.65318
       0.475
       0.375
     0.91329
     0.91329
       0.375
      0.3875
     0.84827
     0.84827
      0.3875
       0.425
     0.73988
     0.73988
       0.425
      0.4875
      0.6315
      0.6315
      0.4875
      0.4125
     0.76156
     0.76156
      0.4125
         0.5
     0.60982
     0.60982
         0.5
      0.3625
     0.97832
     0.97832
      0.3625
         0.4
     0.78324
     0.78324
         0.4
      0.5125
     0.58815
     0.58815
      0.5125
       0.375
     0.86994
     0.86994
       0.375
      0.3625
     0.93497
     0.93497
      0.3625
      0.3875
     0.80491
     0.80491
      0.3875
     0.56647
       0.525
       0.525
     0.56647
      0.3625
     0.89162
     0.89162
      0.3625
       0.375
     0.82659
     0.82659
       0.375
     0.54119
     0.54146
     0.67485
      0.4375
      0.4375
     0.67485
        0.35
           1
           1
        0.35
       0.425
     0.69653
     0.69653
       0.425
        0.45
     0.65318
     0.65318
        0.45
        0.35
     0.95665
     0.95665
        0.35
      0.4125
     0.71821
     0.71821
      0.4125
      0.4625
      0.6315
      0.6315
      0.4625
         0.4
     0.73988
     0.73988
         0.4
       0.475
     0.60982
     0.60982
       0.475
      0.3625
     0.84827
     0.84827
      0.3625
        0.35
     0.91329
     0.91329
        0.35
      0.3875
     0.76156
     0.76156
      0.3875
      0.4875
     0.58815
     0.58815
      0.4875
       0.375
     0.78324
     0.78324
       0.375
         0.5
     0.56647
     0.56647
         0.5
      0.3375
     0.97832
     0.97832
      0.3375
        0.35
     0.86994
     0.86994
        0.35
      0.3375
     0.93497
     0.93497
      0.3375
      0.3625
     0.80491
     0.80491
      0.3625
      0.5125
      0.5448
      0.5448
      0.5125
      0.3375
     0.89162
     0.89162
      0.3375
      0.4125
     0.67485
     0.67485
      0.4125
       0.425
     0.65318
     0.65318
       0.425
         0.4
     0.69653
     0.69653
         0.4
      0.6315
      0.4375
      0.4375
      0.6315
     0.82659
        0.35
        0.35
     0.82659
     0.52312
       0.525
      0.3875
     0.71821
     0.71821
      0.3875
        0.45
     0.60982
     0.60982
        0.45
       0.325
           1
           1
       0.325
       0.325
     0.95665
     0.95665
       0.325
       0.375
     0.73988
     0.73988
       0.375
      0.4625
     0.58815
     0.58815
      0.4625
      0.3375
     0.84827
     0.84827
      0.3375
       0.325
     0.91329
     0.91329
       0.325
     0.76156
      0.3625
      0.3625
     0.76156
       0.475
     0.56647
     0.56647
       0.475
     0.78324
        0.35
        0.35
     0.78324
      0.4875
      0.5448
      0.5448
      0.4875
       0.325
     0.86994
     0.86994
       0.325
      0.3125
     0.97832
     0.97832
      0.3125
      0.3125
     0.93497
     0.93497
      0.3125
      0.3375
     0.80491
     0.80491
      0.3375
     0.52312
         0.5
         0.4
     0.65318
     0.65318
         0.4
      0.3875
     0.67485
     0.67485
      0.3875
      0.4125
      0.6315
      0.6315
      0.4125
       0.375
     0.69653
     0.69653
       0.375
       0.425
     0.60982
     0.60982
       0.425
     0.49973
     0.51737
      0.3125
     0.89162
     0.89162
      0.3125
     0.45421
     0.56751
       0.325
     0.82659
     0.82659
       0.325
      0.3625
     0.71821
     0.71821
      0.3625
     0.56562
     0.45296
         0.3
           1
           1
         0.3
     0.73988
        0.35
        0.35
     0.73988
         0.3
     0.95665
     0.95665
         0.3
     0.43566
     0.58228
     0.58204
     0.43496
      0.3125
     0.84827
     0.84827
      0.3125
     0.76156
      0.3375
      0.3375
     0.76156
         0.3
     0.91329
     0.91329
         0.3
       0.525
     0.47688
     0.45934
     0.54181
       0.325
     0.78324
     0.78324
       0.325
       0.475
     0.52312
     0.54146
     0.45881
      0.3912
     0.63204
         0.3
     0.86994
     0.86994
         0.3
      0.2875
     0.97832
     0.97832
      0.2875
      0.3125
     0.80491
     0.80491
      0.3125
      0.6315
      0.3875
      0.2875
     0.93497
     0.93497
      0.2875
        0.35
     0.69653
     0.69653
        0.35
      0.4125
     0.58815
      0.5875
     0.41185
     0.36064
     0.67235
         0.5
      0.4839
     0.67209
     0.36027
      0.3375
     0.71821
     0.71821
      0.3375
     0.43493
     0.55326
     0.37236
     0.64651
      0.2875
     0.89162
     0.89162
      0.2875
         0.3
     0.82659
     0.82659
         0.3
     0.64598
     0.37138
     0.39548
     0.60522
     0.60505
     0.39486
       0.325
     0.73988
     0.73988
       0.325
        0.55
     0.43353
     0.47688
         0.5
       0.275
           1
           1
       0.275
       0.275
     0.95665
     0.95665
       0.275
      0.3125
     0.76156
     0.76156
      0.3125
     0.84827
      0.2875
      0.2875
     0.84827
       0.275
     0.91329
     0.91329
       0.275
      0.5125
      0.4552
      0.4552
      0.5125
         0.3
     0.78324
     0.78324
         0.3
      0.5625
     0.41185
     0.41185
      0.5625
       0.275
     0.86994
     0.86994
       0.275
      0.3702
     0.61604
      0.2625
     0.97832
     0.97832
      0.2625
     0.61584
     0.36931
     0.80491
      0.2875
      0.2875
     0.80491
       0.525
     0.43353
     0.43353
       0.525
     0.34764
     0.65059
       0.325
     0.69653
     0.69653
       0.325
      0.2625
     0.93497
     0.93497
      0.2625
        0.65
     0.34682
       0.475
     0.47688
      0.3125
     0.71821
     0.71821
      0.3125
       0.575
     0.39018
     0.39018
       0.575
      0.2625
     0.89162
     0.89162
      0.2625
     0.82659
       0.275
       0.275
     0.82659
     0.33137
     0.66908
     0.66863
     0.33092
         0.3
     0.73988
     0.73988
         0.3
      0.4875
      0.4552
      0.4552
      0.4875
      0.5375
     0.41185
     0.41185
      0.5375
        0.25
           1
           1
        0.25
        0.25
     0.95665
     0.95665
        0.25
     0.76156
      0.2875
      0.2875
     0.76156
     0.84827
      0.2625
      0.2625
     0.84827
       0.625
     0.34682
     0.34682
       0.625
      0.5875
      0.3685
      0.3685
      0.5875
        0.25
     0.91329
     0.91329
        0.25
         0.5
     0.43353
     0.43353
         0.5
     0.78324
       0.275
       0.275
     0.78324
        0.55
     0.39018
     0.39018
        0.55
     0.30205
     0.69909
     0.86994
        0.25
        0.25
     0.86994
     0.69795
     0.30091
      0.2375
     0.97832
     0.97832
      0.2375
     0.80491
      0.2625
      0.2625
     0.80491
      0.5125
     0.41185
     0.41185
      0.5125
      0.2375
     0.93497
     0.93497
      0.2375
     0.45934
     0.45819
     0.27952
     0.74124
         0.6
     0.34682
     0.34682
         0.6
      0.6375
     0.32515
     0.32515
      0.6375
      0.2875
     0.71821
     0.73961
     0.27852
      0.5625
      0.3685
      0.3685
      0.5625
       0.675
     0.30347
     0.30347
       0.675
     0.82659
        0.25
        0.25
     0.82659
     0.71549
     0.28435
     0.89162
      0.2375
      0.2375
     0.89162
       0.475
     0.43353
     0.43353
       0.475
       0.525
     0.39018
     0.39018
       0.525
       0.225
           1
           1
       0.225
       0.225
     0.95665
     0.95665
       0.225
     0.84827
      0.2375
      0.2375
     0.84827
     0.26115
     0.75619
      0.6125
     0.32515
     0.32515
      0.6125
     0.75613
     0.26064
       0.575
     0.34682
     0.34682
       0.575
        0.65
     0.30347
     0.30347
        0.65
     0.91329
       0.225
       0.225
     0.91329
      0.4875
     0.41185
     0.41185
      0.4875
     0.78324
        0.25
        0.25
     0.78324
      0.5375
      0.3685
      0.3685
      0.5375
      0.6875
     0.28179
     0.28179
      0.6875
     0.86994
       0.225
       0.225
     0.86994
     0.80491
      0.2375
      0.2375
     0.80491
     0.45421
     0.43249
     0.26086
     0.72761
     0.97832
      0.2125
      0.2125
     0.97832
         0.5
     0.39018
     0.39018
         0.5
       0.725
     0.26012
     0.93497
      0.2125
      0.2125
     0.93497
     0.43493
     0.44674
      0.5875
     0.32515
     0.32515
      0.5875
       0.625
     0.30347
     0.30347
       0.625
        0.55
     0.34682
     0.34682
        0.55
      0.6625
     0.28179
     0.28179
      0.6625
     0.82659
       0.225
       0.225
     0.82659
      0.2125
     0.89162
     0.89162
      0.2125
      0.4625
     0.41185
     0.41185
      0.4625
      0.7625
     0.23844
      0.5125
      0.3685
      0.3685
      0.5125
         0.7
     0.26012
     0.26012
         0.7
      0.2375
     0.76156
           1
         0.2
         0.2
           1
     0.95665
         0.2
         0.2
     0.95665
     0.84827
      0.2125
      0.2125
     0.84827
         0.6
     0.30347
     0.30347
         0.6
      0.5625
     0.32515
     0.32515
      0.5625
      0.6375
     0.28179
     0.28179
      0.6375
       0.475
     0.39018
     0.39018
       0.475
         0.2
     0.91329
     0.91329
         0.2
      0.7375
     0.23844
     0.23844
      0.7375
     0.21652
     0.80577
       0.525
     0.34682
     0.34682
       0.525
       0.675
     0.26012
     0.26012
       0.675
     0.80369
     0.21508
     0.22121
     0.77935
     0.77937
     0.22077
         0.2
     0.86994
     0.86994
         0.2
     0.43566
     0.41772
      0.1875
     0.97832
     0.97832
      0.1875
      0.4875
      0.3685
      0.3685
      0.4875
     0.41185
      0.4375
      0.7125
     0.23844
     0.23844
      0.7125
      0.1875
     0.93497
     0.93497
      0.1875
       0.575
     0.30347
     0.30347
       0.575
      0.6125
     0.28179
     0.28179
      0.6125
      0.5375
     0.32515
     0.32515
      0.5375
        0.65
     0.26012
     0.26012
        0.65
      0.1875
     0.89162
     0.89162
      0.1875
        0.45
     0.39018
     0.39018
        0.45
     0.19786
     0.82042
        0.75
     0.21676
     0.21676
        0.75
     0.34682
         0.5
         0.5
     0.34682
     0.82008
     0.19706
      0.6875
     0.23844
     0.23844
      0.6875
           1
       0.175
       0.175
           1
     0.95665
       0.175
       0.175
     0.95665
      0.1875
     0.84827
     0.28179
      0.5875
      0.5875
     0.28179
     0.84603
      0.1858
        0.55
     0.30347
     0.30347
        0.55
      0.4625
      0.3685
      0.3685
      0.4625
       0.625
     0.26012
     0.26012
       0.625
       0.175
     0.91329
     0.91329
       0.175
       0.725
     0.21676
     0.21676
       0.725
     0.19625
     0.79051
      0.4125
     0.41185
      0.7875
     0.19509
     0.32515
      0.5125
      0.5125
     0.32515
      0.6625
     0.23844
     0.23844
      0.6625
       0.175
     0.86994
     0.86994
       0.175
     0.97832
      0.1625
      0.1625
     0.97832
       0.475
     0.34682
     0.34682
       0.475
       0.425
     0.39018
     0.39018
       0.425
         0.7
     0.21676
     0.21676
         0.7
      0.7625
     0.19509
     0.19509
      0.7625
     0.93497
      0.1625
      0.1625
     0.93497
      0.5625
     0.28179
     0.28179
      0.5625
         0.6
     0.26012
     0.26012
         0.6
       0.175
     0.82659
       0.525
     0.30347
     0.30347
       0.525
      0.6375
     0.23844
     0.23844
      0.6375
     0.89162
      0.1625
      0.1625
     0.89162
       0.825
     0.17341
      0.4375
      0.3685
      0.3685
      0.4375
      0.7375
     0.19509
     0.19509
      0.7375
      0.4875
     0.32515
     0.32515
      0.4875
       0.675
     0.21676
     0.21676
       0.675
           1
        0.15
        0.15
           1
         0.8
     0.17341
     0.17341
         0.8
     0.95665
        0.15
        0.15
     0.95665
     0.26012
       0.575
       0.575
     0.26012
        0.45
     0.34682
     0.34682
        0.45
      0.5375
     0.28179
     0.28179
      0.5375
     0.91329
        0.15
        0.15
     0.91329
      0.6125
     0.23844
     0.23844
      0.6125
      0.7125
     0.19509
     0.19509
      0.7125
      0.3952
     0.39426
       0.775
     0.17341
     0.17341
       0.775
     0.15736
     0.84384
         0.5
     0.30347
     0.30347
         0.5
     0.84295
     0.15682
        0.65
     0.21676
     0.21676
        0.65
     0.86994
        0.15
        0.15
     0.86994
      0.4125
      0.3685
      0.3685
      0.4125
      0.4625
     0.32515
     0.32515
      0.4625
     0.97832
      0.1375
      0.1375
     0.97832
      0.6875
     0.19509
     0.19509
      0.6875
        0.75
     0.17341
     0.17341
        0.75
     0.93497
      0.1375
      0.1375
     0.93497
        0.55
     0.26012
     0.26012
        0.55
     0.23844
      0.5875
      0.5875
     0.23844
     0.28179
      0.5125
      0.5125
     0.28179
       0.625
     0.21676
     0.21676
       0.625
      0.8125
     0.15173
     0.15173
      0.8125
       0.425
     0.34682
     0.34682
       0.425
       0.725
     0.17341
     0.17341
       0.725
       0.475
     0.30347
     0.30347
       0.475
      0.6625
     0.19509
     0.19509
      0.6625
     0.13406
     0.88461
     0.88402
     0.13347
      0.7875
     0.15173
     0.15173
      0.7875
           1
       0.125
       0.125
           1
     0.95665
       0.125
       0.125
     0.95665
      0.5625
     0.23844
     0.23844
      0.5625
      0.4375
     0.32515
     0.32515
      0.4375
     0.26012
       0.525
       0.525
     0.26012
     0.91329
       0.125
       0.125
     0.91329
         0.7
     0.17341
     0.17341
         0.7
         0.6
     0.21676
     0.21676
         0.6
      0.3875
      0.3685
     0.13223
     0.85464
      0.7625
     0.15173
     0.15173
      0.7625
     0.85365
     0.13119
     0.37025
     0.38329
      0.4875
     0.28179
     0.28179
      0.4875
      0.6375
     0.19509
     0.19509
      0.6375
         0.4
     0.34682
     0.34682
         0.4
       0.825
     0.13006
     0.13006
       0.825
        0.45
     0.30347
     0.30347
        0.45
      0.1125
     0.97832
     0.97832
      0.1125
      0.7375
     0.15173
     0.15173
      0.7375
       0.675
     0.17341
     0.17341
       0.675
     0.93497
      0.1125
      0.1125
     0.93497
     0.23844
      0.5375
      0.5375
     0.23844
     0.21676
       0.575
       0.575
     0.21676
         0.8
     0.13006
     0.13006
         0.8
     0.26012
         0.5
         0.5
     0.26012
      0.6125
     0.19509
     0.19509
      0.6125
      0.4125
     0.32515
     0.32515
      0.4125
      0.7125
     0.15173
     0.15173
      0.7125
      0.4625
     0.28179
     0.28179
      0.4625
        0.65
     0.17341
     0.17341
        0.65
       0.775
     0.13006
     0.13006
       0.775
     0.89149
     0.10738
     0.10667
     0.89078
           1
         0.1
         0.1
           1
     0.91415
     0.10402
     0.10913
     0.86542
     0.95665
         0.1
         0.1
     0.95665
     0.37183
     0.35356
      0.8625
     0.10838
       0.425
     0.30347
     0.30347
       0.425
        0.55
     0.21676
     0.21676
        0.55
      0.6875
     0.15173
     0.15173
      0.6875
     0.34682
       0.375
         0.1
     0.91329
     0.23844
      0.5125
      0.5125
     0.23844
     0.19509
      0.5875
      0.5875
     0.19509
        0.75
     0.13006
     0.13006
        0.75
      0.8375
     0.10838
     0.10838
      0.8375
       0.475
     0.26012
     0.26012
       0.475
       0.625
     0.17341
     0.17341
       0.625
      0.8125
     0.10838
     0.10838
      0.8125
      0.3875
     0.32515
     0.32515
      0.3875
      0.4375
     0.28179
     0.28179
      0.4375
       0.725
     0.13006
     0.13006
       0.725
     0.97832
      0.0875
      0.0875
     0.97832
      0.6625
     0.15173
     0.15173
      0.6625
      0.0875
     0.93497
     0.93072
    0.086789
     0.21676
       0.525
       0.525
     0.21676
      0.5625
     0.19509
     0.19509
      0.5625
      0.7875
     0.10838
     0.10838
      0.7875
      0.4875
     0.23844
     0.23844
      0.4875
         0.6
     0.17341
     0.17341
         0.6
      0.9026
    0.085944
         0.4
     0.30347
     0.30347
         0.4
    0.085853
     0.89598
         0.7
     0.13006
     0.13006
         0.7
     0.34753
     0.34942
       0.875
    0.086706
    0.086706
       0.875
        0.45
     0.26012
     0.26012
        0.45
      0.6375
     0.15173
     0.15173
      0.6375
      0.7625
     0.10838
     0.10838
      0.7625
           1
       0.075
       0.075
           1
        0.85
    0.086706
    0.086706
        0.85
     0.95665
       0.075
       0.075
     0.95665
     0.36054
     0.32766
      0.4125
     0.28179
     0.28179
      0.4125
     0.19509
      0.5375
      0.5375
     0.19509
     0.32515
      0.3625
       0.675
     0.13006
     0.13006
       0.675
     0.21676
         0.5
         0.5
     0.21676
     0.17341
       0.575
       0.575
     0.17341
      0.7375
     0.10838
     0.10838
      0.7375
       0.825
    0.086706
    0.086706
       0.825
      0.4625
     0.23844
     0.23844
      0.4625
      0.6125
     0.15173
     0.15173
      0.6125
    0.069655
      0.9131
         0.8
    0.086706
    0.086706
         0.8
       0.375
     0.30347
     0.30347
       0.375
      0.7125
     0.10838
     0.10838
      0.7125
       0.425
     0.26012
     0.26012
       0.425
      0.9375
    0.065029
        0.65
     0.13006
     0.13006
        0.65
     0.97832
      0.0625
      0.0625
     0.97832
      0.9125
    0.065029
      0.0625
     0.93497
       0.775
    0.086706
    0.086706
       0.775
     0.19509
      0.5125
      0.5125
     0.19509
        0.55
     0.17341
     0.17341
        0.55
      0.8875
    0.065029
    0.065029
      0.8875
       0.475
     0.21676
     0.21676
       0.475
     0.15173
      0.5875
      0.5875
     0.15173
      0.3875
     0.28179
     0.28179
      0.3875
      0.6875
     0.10838
     0.10838
      0.6875
      0.8625
    0.065029
    0.065029
      0.8625
     0.33137
     0.33092
      0.4375
     0.23844
     0.23844
      0.4375
        0.75
    0.086706
    0.086706
        0.75
     0.13006
       0.625
       0.625
     0.13006
      0.8375
    0.065029
    0.065029
      0.8375
           1
        0.05
        0.05
           1
         0.4
     0.26012
     0.26012
         0.4
        0.35
     0.30347
     0.30347
        0.35
     0.17341
       0.525
       0.525
     0.17341
      0.6625
     0.10838
     0.10838
      0.6625
      0.8125
    0.065029
    0.065029
      0.8125
       0.725
    0.086706
    0.086706
       0.725
      0.4875
     0.19509
     0.19509
      0.4875
      0.5625
     0.15173
     0.15173
      0.5625
     0.95497
    0.046513
    0.045032
     0.95349
        0.45
     0.21676
     0.21676
        0.45
         0.6
     0.13006
     0.13006
         0.6
      0.7875
    0.065029
    0.065029
      0.7875
       0.925
    0.043353
    0.043353
       0.925
      0.3625
     0.28179
     0.28179
      0.3625
     0.97969
    0.039814
         0.7
    0.086706
    0.086706
         0.7
      0.4125
     0.23844
     0.23844
      0.4125
         0.9
    0.043353
    0.043353
         0.9
     0.10838
      0.6375
      0.6375
     0.10838
      0.7625
    0.065029
    0.065029
      0.7625
       0.875
    0.043353
    0.043353
       0.875
     0.17341
         0.5
         0.5
     0.17341
     0.15173
      0.5375
      0.5375
     0.15173
      0.4625
     0.19509
     0.19509
      0.4625
     0.13006
       0.575
       0.575
     0.13006
        0.85
    0.043353
    0.043353
        0.85
       0.375
     0.26012
     0.26012
       0.375
    0.086706
       0.675
       0.675
    0.086706
       0.325
     0.30347
     0.30347
       0.325
    0.029882
     0.98178
      0.7375
    0.065029
    0.065029
      0.7375
       0.425
     0.21676
     0.21676
       0.425
      0.6125
     0.10838
     0.10838
      0.6125
       0.825
    0.043353
    0.043353
       0.825
           1
       0.025
       0.025
           1
     0.28179
      0.3375
      0.3375
     0.28179
      0.3875
     0.23844
     0.23844
      0.3875
         0.8
    0.043353
    0.043353
         0.8
    0.086706
        0.65
        0.65
    0.086706
      0.7125
    0.065029
    0.065029
      0.7125
     0.15173
      0.5125
      0.5125
     0.15173
       0.475
     0.17341
     0.17341
       0.475
        0.55
     0.13006
     0.13006
        0.55
      0.9375
    0.021676
    0.021676
      0.9375
    0.020312
     0.96019
      0.4375
     0.19509
     0.19509
      0.4375
      0.9125
    0.021676
    0.021676
      0.9125
     0.97012
    0.018218
     0.10838
      0.5875
      0.5875
     0.10838
       0.775
    0.043353
    0.043353
       0.775
      0.8875
    0.021676
    0.021676
      0.8875
        0.35
     0.26012
     0.26012
        0.35
    0.065029
      0.6875
      0.6875
    0.065029
         0.4
     0.21676
     0.21676
         0.4
    0.086706
       0.625
       0.625
    0.086706
     0.30205
     0.30091
      0.8625
    0.021676
    0.021676
      0.8625
    0.043353
        0.75
        0.75
    0.043353
      0.4875
     0.15173
     0.15173
      0.4875
     0.13006
       0.525
       0.525
     0.13006
      0.8375
    0.021676
    0.021676
      0.8375
        0.45
     0.17341
     0.17341
        0.45
      0.3625
     0.23844
     0.23844
      0.3625
      0.5625
     0.10838
     0.10838
      0.5625
      0.6625
    0.065029
    0.065029
      0.6625
      0.3125
     0.28179
     0.28179
      0.3125
       0.725
    0.043353
    0.043353
       0.725
      0.8125
    0.021676
    0.021676
      0.8125
      0.4125
     0.19509
     0.19509
      0.4125
    0.086706
         0.6
         0.6
    0.086706
           1
           0
           0
           1
       0.975
           0
           0
       0.975
      0.7875
    0.021676
    0.021676
      0.7875
        0.95
           0
           0
        0.95
     0.26012
       0.325
       0.325
     0.26012
     0.21676
       0.375
       0.375
     0.21676
         0.7
    0.043353
    0.043353
         0.7
      0.6375
    0.065029
    0.065029
      0.6375
       0.925
           0
           0
       0.925
         0.5
     0.13006
     0.13006
         0.5
      0.4625
     0.15173
     0.15173
      0.4625
      0.5375
     0.10838
     0.10838
      0.5375
         0.9
           0
           0
         0.9
      0.7625
    0.021676
    0.021676
      0.7625
       0.425
     0.17341
     0.17341
       0.425
       0.575
    0.086706
    0.086706
       0.575
       0.875
           0
           0
       0.875
     0.23844
      0.3375
      0.3375
     0.23844
       0.675
    0.043353
    0.043353
       0.675
        0.85
           0
           0
        0.85
      0.3875
     0.19509
     0.19509
      0.3875
     0.28451
     0.28435
      0.6125
    0.065029
    0.065029
      0.6125
      0.7375
    0.021676
    0.021676
      0.7375
       0.825
           0
           0
       0.825
       0.475
     0.13006
     0.13006
       0.475
     0.10838
      0.5125
      0.5125
     0.10838
        0.35
     0.21676
     0.21676
        0.35
      0.4375
     0.15173
     0.15173
      0.4375
        0.55
    0.086706
    0.086706
        0.55
         0.3
     0.26012
     0.26012
         0.3
        0.65
    0.043353
    0.043353
        0.65
      0.7125
    0.021676
    0.021676
      0.7125
         0.8
           0
           0
         0.8
         0.4
     0.17341
     0.17341
         0.4
      0.5875
    0.065029
    0.065029
      0.5875
       0.775
           0
           0
       0.775
      0.3125
     0.23844
     0.23844
      0.3125
      0.3625
     0.19509
     0.19509
      0.3625
    0.021676
      0.6875
      0.6875
    0.021676
       0.625
    0.043353
    0.043353
       0.625
      0.4875
     0.10838
     0.10838
      0.4875
        0.45
     0.13006
     0.13006
        0.45
       0.525
    0.086706
    0.086706
       0.525
        0.75
           0
           0
        0.75
      0.4125
     0.15173
     0.15173
      0.4125
      0.5625
    0.065029
    0.065029
      0.5625
     0.26039
     0.27852
     0.21676
       0.325
       0.325
     0.21676
    0.021676
      0.6625
      0.6625
    0.021676
       0.275
     0.26012
       0.375
     0.17341
     0.17341
       0.375
         0.6
    0.043353
    0.043353
         0.6
       0.725
           0
           0
       0.725
      0.4625
     0.10838
     0.10838
      0.4625
         0.5
    0.086706
    0.086706
         0.5
      0.3375
     0.19509
     0.19509
      0.3375
       0.425
     0.13006
     0.13006
       0.425
     0.23844
      0.2875
      0.2875
     0.23844
      0.5375
    0.065029
    0.065029
      0.5375
      0.6375
    0.021676
    0.021676
      0.6375
           0
         0.7
         0.7
           0
     0.15173
      0.3875
      0.3875
     0.15173
       0.575
    0.043353
    0.043353
       0.575
         0.3
     0.21676
     0.21676
         0.3
           0
       0.675
       0.675
           0
        0.35
     0.17341
     0.17341
        0.35
      0.6125
    0.021676
    0.021676
      0.6125
       0.475
    0.086706
    0.086706
       0.475
      0.4375
     0.10838
     0.10838
      0.4375
    0.065029
      0.5125
      0.5125
    0.065029
         0.4
     0.13006
     0.13006
         0.4
        0.55
    0.043353
    0.043353
        0.55
     0.24387
     0.26064
      0.3125
     0.19509
     0.19509
      0.3125
           0
        0.65
        0.65
           0
      0.2625
     0.23844
      0.3625
     0.15173
     0.15173
      0.3625
    0.021676
      0.5875
      0.5875
    0.021676
        0.45
    0.086706
    0.086706
        0.45
      0.4875
    0.065029
    0.065029
      0.4875
       0.325
     0.17341
     0.17341
       0.325
       0.275
     0.21676
     0.21676
       0.275
     0.10838
      0.4125
      0.4125
     0.10838
       0.625
           0
           0
       0.625
    0.043353
       0.525
       0.525
    0.043353
       0.375
     0.13006
     0.13006
       0.375
      0.5625
    0.021676
    0.021676
      0.5625
      0.2875
     0.19509
     0.19509
      0.2875
      0.3375
     0.15173
     0.15173
      0.3375
           0
         0.6
         0.6
           0
      0.2375
     0.23844
      0.4625
    0.065029
    0.065029
      0.4625
       0.425
    0.086706
    0.086706
       0.425
         0.5
    0.043353
    0.043353
         0.5
     0.10838
      0.3875
      0.3875
     0.10838
    0.021676
      0.5375
      0.5375
    0.021676
     0.17341
         0.3
         0.3
     0.17341
        0.25
     0.21676
     0.21676
        0.25
     0.13006
        0.35
        0.35
     0.13006
       0.575
           0
           0
       0.575
      0.4375
    0.065029
    0.065029
      0.4375
       0.475
    0.043353
    0.043353
       0.475
      0.2625
     0.19509
     0.19509
      0.2625
      0.3125
     0.15173
     0.15173
      0.3125
    0.086706
         0.4
         0.4
    0.086706
    0.021676
      0.5125
      0.5125
    0.021676
      0.3625
     0.10838
     0.10838
      0.3625
           0
        0.55
        0.55
           0
     0.17341
       0.275
       0.275
     0.17341
     0.13006
       0.325
       0.325
     0.13006
     0.22121
     0.22065
    0.043353
        0.45
        0.45
    0.043353
    0.065029
      0.4125
      0.4125
    0.065029
      0.4875
    0.021676
    0.021676
      0.4875
       0.375
    0.086706
    0.086706
       0.375
       0.525
           0
           0
       0.525
      0.2875
     0.15173
     0.15173
      0.2875
      0.2375
     0.19509
     0.19509
      0.2375
     0.10838
      0.3375
      0.3375
     0.10838
        0.25
     0.17341
     0.17341
        0.25
    0.043353
       0.425
       0.425
    0.043353
    0.021676
      0.4625
      0.4625
    0.021676
     0.13006
         0.3
         0.3
     0.13006
    0.065029
      0.3875
      0.3875
    0.065029
         0.5
           0
           0
         0.5
    0.086706
        0.35
        0.35
    0.086706
     0.21652
     0.19423
      0.2625
     0.15173
     0.15173
      0.2625
     0.10838
      0.3125
      0.3125
     0.10838
     0.19625
     0.20949
      0.4375
    0.021676
    0.021676
      0.4375
    0.043353
         0.4
         0.4
    0.043353
           0
       0.475
       0.475
           0
      0.3625
    0.065029
    0.065029
      0.3625
       0.275
     0.13006
     0.13006
       0.275
     0.17341
       0.225
       0.225
     0.17341
       0.325
    0.086706
    0.086706
       0.325
      0.2375
     0.15173
     0.15173
      0.2375
    0.021676
      0.4125
      0.4125
    0.021676
        0.45
           0
           0
        0.45
     0.10838
      0.2875
      0.2875
     0.10838
    0.043353
       0.375
       0.375
    0.043353
    0.065029
      0.3375
      0.3375
    0.065029
     0.19786
     0.17958
     0.13006
        0.25
        0.25
     0.13006
     0.17341
         0.2
    0.086706
         0.3
         0.3
    0.086706
       0.425
           0
           0
       0.425
    0.021676
      0.3875
      0.3875
    0.021676
    0.043353
        0.35
        0.35
    0.043353
      0.2625
     0.10838
     0.10838
      0.2625
      0.2125
     0.15173
     0.15173
      0.2125
    0.065029
      0.3125
      0.3125
    0.065029
     0.13006
       0.225
       0.225
     0.13006
    0.086706
       0.275
       0.275
    0.086706
           0
         0.4
         0.4
           0
    0.021676
      0.3625
      0.3625
    0.021676
       0.175
     0.17341
    0.043353
       0.325
       0.325
    0.043353
     0.10838
      0.2375
      0.2375
     0.10838
      0.1875
     0.15173
     0.15173
      0.1875
    0.065029
      0.2875
      0.2875
    0.065029
           0
       0.375
       0.375
           0
    0.021676
      0.3375
      0.3375
    0.021676
    0.086706
        0.25
        0.25
    0.086706
         0.2
     0.13006
     0.13006
         0.2
    0.043353
         0.3
         0.3
    0.043353
      0.2125
     0.10838
     0.10838
      0.2125
    0.065029
      0.2625
      0.2625
    0.065029
     0.15736
     0.15616
           0
        0.35
        0.35
           0
    0.021676
      0.3125
      0.3125
    0.021676
    0.086706
       0.225
       0.225
    0.086706
       0.175
     0.13006
     0.13006
       0.175
       0.275
    0.043353
    0.043353
       0.275
      0.1875
     0.10838
     0.10838
      0.1875
    0.065029
      0.2375
      0.2375
    0.065029
           0
       0.325
       0.325
           0
    0.021676
      0.2875
      0.2875
    0.021676
         0.2
    0.086706
    0.086706
         0.2
    0.043353
        0.25
        0.25
    0.043353
        0.15
     0.13006
     0.13223
     0.14536
           0
         0.3
         0.3
           0
      0.2125
    0.065029
    0.065029
      0.2125
      0.1625
     0.10838
     0.10838
      0.1625
    0.021676
      0.2625
      0.2625
    0.021676
       0.175
    0.086706
    0.086706
       0.175
    0.043353
       0.225
       0.225
    0.043353
           0
       0.275
       0.275
           0
     0.13406
     0.11539
      0.1875
    0.065029
    0.065029
      0.1875
    0.021676
      0.2375
      0.2375
    0.021676
     0.10913
     0.13458
         0.2
    0.043353
    0.043353
         0.2
        0.15
    0.086706
    0.086706
        0.15
           0
        0.25
        0.25
           0
      0.1625
    0.065029
    0.065029
      0.1625
      0.2125
    0.021676
    0.021676
      0.2125
     0.10667
     0.10922
       0.175
    0.043353
    0.043353
       0.175
       0.125
    0.086706
    0.086706
       0.125
           0
       0.225
       0.225
           0
    0.021676
      0.1875
      0.1875
    0.021676
      0.1375
    0.065029
    0.065029
      0.1375
        0.15
    0.043353
    0.043353
        0.15
    0.085853
     0.10402
         0.2
           0
           0
         0.2
         0.1
    0.086706
      0.1625
    0.021676
    0.021676
      0.1625
      0.1125
    0.065029
    0.065029
      0.1125
       0.175
           0
           0
       0.175
       0.125
    0.043353
    0.043353
       0.125
    0.069655
    0.086897
      0.1375
    0.021676
    0.021676
      0.1375
      0.0875
    0.065029
        0.15
           0
           0
        0.15
         0.1
    0.043353
    0.043353
         0.1
    0.021676
      0.1125
      0.1125
    0.021676
      0.0625
    0.065029
       0.125
           0
           0
       0.125
       0.075
    0.043353
    0.043353
       0.075
      0.0875
    0.021676
    0.021676
      0.0875
         0.1
           0
           0
         0.1
    0.045032
    0.046513
      0.0625
    0.021676
    0.021676
      0.0625
       0.075
           0
           0
       0.075
    0.020312
    0.039814
        0.05
           0
           0
        0.05
    0.029882
    0.018218
       0.025
           0
           0
       0.025
           0
           0
3630
3
1896 1894 1893
1894 1891 1893
1891 1888 1886
1888 1883 1881
1883 1877 1875
1877 1870 1867
1870 1862 1858
1862 1855 1849
1855 1847 1839
1847 1836 1829
1836 1824 1818
1824 1812 1804
1812 1802 1790
1802 1788 1775
1788 1773 1762
1773 1760 1746
1760 1743 1728
1743 1729 1711
1729 1716 1696
1716 1701 1679
1701 1683 1665
1683 1669 1645
1669 1652 1627
1652 1634 1610
1634 1621 1589
1621 1605 1575
1605 1586 1555
1586 1578 1536
1578 1561 1521
1561 1545 1503
1545 1529 1484
1529 1523 1462
1523 1505 1452
1505 1496 1438
1496 1490 1430
1490 1482 1419
1482 1474 1412
1474 1464 1407
1464 1460 1414
1414 1458 1389
1389 1321 1351
1321 1252 1290
1252 1185 1221
1185 1123 1156
1123 1060 1093
1060 1001 1028
1001 943 973
943 886 915
886 833 857
833 784 803
784 732 755
732 684 706
684 629 657
629 583 608
583 538 564
538 497 518
497 458 471
458 416 434
416 380 397
380 337 363
337 306 326
306 275 293
275 246 259
246 218 228
218 188 202
188 159 178
159 138 155
138 118 130
118 100 109
100 83 87
83 67 71
67 49 57
49 36 45
36 26 34
26 18 24
18 11 15
11 6 9
6 2 4
4 1 3
3 7 5
7 12 10
12 19 16
19 27 25
27 37 35
37 50 46
50 68 58
68 82 72
82 99 86
99 117 110
117 137 129
137 158 154
158 187 177
187 217 201
217 245 227
245 274 258
274 305 294
305 336 325
336 379 362
379 415 396
415 457 433
457 496 470
496 537 517
537 582 563
582 628 607
628 683 656
683 731 705
731 783 754
783 832 802
832 885 856
885 944 916
944 1002 972
1002 1061 1029
1061 1124 1094
1124 1186 1155
1186 1253 1222
1253 1322 1291
1322 1390 1380
1380 1459 1461
1461 1465 1409
1465 1475 1408
1475 1483 1413
1483 1491 1420
1491 1497 1431
1497 1506 1439
1506 1524 1453
1524 1530 1463
1530 1546 1485
1546 1562 1504
1562 1577 1522
1577 1585 1535
1585 1604 1554
1604 1622 1576
1622 1633 1590
1633 1653 1609
1653 1668 1628
1668 1684 1644
1684 1702 1664
1702 1715 1680
1715 1730 1695
1730 1744 1712
1744 1759 1727
1759 1772 1745
1772 1787 1761
1787 1801 1774
1801 1811 1789
1811 1823 1803
1823 1835 1817
1835 1846 1828
1846 1856 1840
1856 1863 1848
1863 1871 1859
1871 1878 1868
1878 1884 1874
1884 1889 1882
1889 1892 1887
1892 1895 1890
1893 1891 1886
1893 1886 1885
1896 1893 1895
1886 1888 1881
1886 1881 1879
1881 1883 1875
1881 1875 1872
1875 1877 1867
1875 1867 1864
1867 1870 1858
1867 1858 1852
1858 1862 1849
1858 1849 1842
1849 1855 1839
1849 1839 1831
1839 1847 1829
1839 1829 1822
1829 1836 1818
1829 1818 1808
1818 1824 1804
1818 1804 1795
1804 1812 1790
1804 1790 1781
1790 1802 1775
1790 1775 1765
1775 1788 1762
1775 1762 1748
1762 1773 1746
1762 1746 1734
1746 1760 1728
1746 1728 1714
1728 1743 1711
1728 1711 1694
1711 1729 1696
1711 1696 1676
1696 1716 1679
1696 1679 1656
1679 1701 1665
1679 1665 1640
1665 1683 1645
1665 1645 1624
1645 1669 1627
1645 1627 1599
1627 1652 1610
1627 1610 1581
1610 1634 1589
1610 1589 1559
1589 1621 1575
1589 1575 1537
1575 1605 1555
1575 1555 1519
1555 1586 1536
1555 1536 1494
1536 1578 1521
1536 1521 1470
1521 1561 1503
1521 1503 1450
1503 1545 1484
1503 1484 1433
1484 1529 1462
1484 1462 1417
1462 1523 1452
1462 1452 1395
1452 1505 1438
1452 1438 1387
1438 1496 1430
1438 1430 1372
1430 1490 1419
1430 1419 1362
1419 1482 1412
1419 1412 1356
1412 1474 1407
1412 1407 1347
1407 1464 1414
1407 1414 1339
1414 1460 1458
1351 1321 1290
1351 1290 1339
1389 1351 1414
1414 1351 1339
1290 1252 1221
1290 1221 1256
1221 1185 1156
1221 1156 1189
1156 1123 1093
1156 1093 1125
1093 1060 1028
1093 1028 1064
1028 1001 973
1028 973 1003
973 943 915
973 915 945
915 886 857
915 857 888
857 833 803
857 803 835
803 784 755
803 755 786
755 732 706
755 706 736
706 684 657
706 657 686
657 629 608
657 608 635
608 583 564
608 564 585
564 538 518
564 518 543
518 497 471
518 471 499
471 458 434
471 434 460
434 416 397
434 397 422
397 380 363
397 363 382
363 337 326
363 326 343
326 306 293
326 293 310
293 275 259
293 259 280
259 246 228
259 228 248
228 218 202
228 202 221
202 188 178
202 178 193
178 159 155
178 155 169
155 138 130
155 130 140
130 118 109
130 109 120
109 100 87
109 87 102
87 83 71
87 71 85
71 67 57
71 57 69
57 49 45
57 45 55
45 36 34
45 34 43
34 26 24
34 24 31
24 18 15
24 15 20
15 11 9
15 9 13
9 6 4
9 4 8
4 2 1
5 7 10
5 10 8
3 5 4
4 5 8
10 12 16
10 16 14
16 19 25
16 25 21
25 27 35
25 35 32
35 37 46
35 46 44
46 50 58
46 58 56
58 68 72
58 72 70
72 82 86
72 86 84
86 99 110
86 110 101
110 117 129
110 129 119
129 137 154
129 154 139
154 158 177
154 177 168
177 187 201
177 201 194
201 217 227
201 227 220
227 245 258
227 258 247
258 274 294
258 294 279
294 305 325
294 325 309
325 336 362
325 362 342
362 379 396
362 396 381
396 415 433
396 433 421
433 457 470
433 470 459
470 496 517
470 517 498
517 537 563
517 563 542
563 582 607
563 607 584
607 628 656
607 656 634
656 683 705
656 705 685
705 731 754
705 754 735
754 783 802
754 802 785
802 832 856
802 856 834
856 885 916
856 916 887
916 944 972
916 972 946
972 1002 1029
972 1029 1004
1029 1061 1094
1029 1094 1065
1094 1124 1155
1094 1155 1126
1155 1186 1222
1155 1222 1190
1222 1253 1291
1222 1291 1257
1291 1322 1380
1291 1380 1340
1380 1390 1459
1409 1465 1408
1409 1408 1340
1461 1409 1380
1380 1409 1340
1408 1475 1413
1408 1413 1348
1413 1483 1420
1413 1420 1357
1420 1491 1431
1420 1431 1363
1431 1497 1439
1431 1439 1373
1439 1506 1453
1439 1453 1388
1453 1524 1463
1453 1463 1396
1463 1530 1485
1463 1485 1418
1485 1546 1504
1485 1504 1432
1504 1562 1522
1504 1522 1451
1522 1577 1535
1522 1535 1471
1535 1585 1554
1535 1554 1495
1554 1604 1576
1554 1576 1520
1576 1622 1590
1576 1590 1538
1590 1633 1609
1590 1609 1560
1609 1653 1628
1609 1628 1582
1628 1668 1644
1628 1644 1600
1644 1684 1664
1644 1664 1623
1664 1702 1680
1664 1680 1641
1680 1715 1695
1680 1695 1657
1695 1730 1712
1695 1712 1675
1712 1744 1727
1712 1727 1693
1727 1759 1745
1727 1745 1713
1745 1772 1761
1745 1761 1733
1761 1787 1774
1761 1774 1747
1774 1801 1789
1774 1789 1764
1789 1811 1803
1789 1803 1780
1803 1823 1817
1803 1817 1796
1817 1835 1828
1817 1828 1807
1828 1846 1840
1828 1840 1821
1840 1856 1848
1840 1848 1832
1848 1863 1859
1848 1859 1843
1859 1871 1868
1859 1868 1853
1868 1878 1874
1868 1874 1865
1874 1884 1882
1874 1882 1873
1882 1889 1887
1882 1887 1880
1887 1892 1890
1887 1890 1885
1890 1895 1893
1890 1893 1885
1885 1886 1879
1885 1879 1876
1879 1881 1872
1879 1872 1869
1872 1875 1864
1872 1864 1860
1864 1867 1852
1864 1852 1850
1852 1858 1842
1852 1842 1837
1842 1849 1831
1842 1831 1826
1831 1839 1822
1831 1822 1813
1822 1829 1808
1822 1808 1800
1808 1818 1795
1808 1795 1785
1795 1804 1781
1795 1781 1771
1781 1790 1765
1781 1765 1754
1765 1775 1748
1765 1748 1736
1748 1762 1734
1748 1734 1717
1734 1746 1714
1734 1714 1700
1714 1728 1694
1714 1694 1678
1694 1711 1676
1694 1676 1654
1676 1696 1656
1676 1656 1636
1656 1679 1640
1656 1640 1613
1640 1665 1624
1640 1624 1596
1624 1645 1599
1624 1599 1573
1599 1627 1581
1599 1581 1549
1581 1610 1559
1581 1559 1527
1559 1589 1537
1559 1537 1501
1537 1575 1519
1537 1519 1472
1519 1555 1494
1519 1494 1446
1494 1536 1470
1494 1470 1424
1470 1521 1450
1470 1450 1399
1450 1503 1433
1450 1433 1381
1433 1484 1417
1433 1417 1360
1417 1462 1395
1417 1395 1345
1395 1452 1387
1395 1387 1331
1387 1438 1372
1387 1372 1319
1372 1430 1362
1372 1362 1310
1362 1419 1356
1362 1356 1300
1356 1412 1347
1356 1347 1292
1347 1407 1339
1347 1339 1287
1256 1221 1189
1256 1189 1226
1290 1256 1339
1189 1156 1125
1189 1125 1161
1125 1093 1064
1125 1064 1099
1064 1028 1003
1064 1003 1038
1003 973 945
1003 945 980
945 915 888
945 888 920
888 857 835
888 835 863
835 803 786
835 786 813
786 755 736
786 736 760
736 706 686
736 686 708
686 657 635
686 635 661
635 608 585
635 585 616
585 564 543
585 543 572
543 518 499
543 499 526
499 471 460
499 460 485
460 434 422
460 422 437
422 397 382
422 382 400
382 363 343
382 343 365
343 326 310
343 310 332
310 293 280
310 280 299
280 259 248
280 248 269
248 228 221
248 221 236
221 202 193
221 193 203
193 178 169
193 169 180
169 155 140
169 140 157
140 130 120
140 120 136
120 109 102
120 102 115
102 87 85
102 85 97
85 71 69
85 69 80
69 57 55
69 55 64
55 45 43
55 43 51
43 34 31
43 31 38
31 24 20
31 20 29
20 15 13
20 13 22
13 9 8
13 8 17
14 16 21
14 21 23
10 14 8
21 25 32
21 32 30
32 35 44
32 44 39
44 46 56
44 56 52
56 58 70
56 70 65
70 72 84
70 84 81
84 86 101
84 101 96
101 110 119
101 119 116
119 129 139
119 139 135
139 154 168
139 168 156
168 177 194
168 194 179
194 201 220
194 220 204
220 227 247
220 247 235
247 258 279
247 279 268
279 294 309
279 309 300
309 325 342
309 342 331
342 362 381
342 381 364
381 396 421
381 421 399
421 433 459
421 459 438
459 470 498
459 498 484
498 517 542
498 542 525
542 563 584
542 584 571
584 607 634
584 634 615
634 656 685
634 685 660
685 705 735
685 735 707
735 754 785
735 785 759
785 802 834
785 834 812
834 856 887
834 887 862
887 916 946
887 946 921
946 972 1004
946 1004 979
1004 1029 1065
1004 1065 1039
1065 1094 1126
1065 1126 1100
1126 1155 1190
1126 1190 1162
1190 1222 1257
1190 1257 1225
1257 1291 1340
1257 1340 1293
1348 1413 1357
1348 1357 1278
1408 1348 1340
1357 1420 1363
1357 1363 1301
1363 1431 1373
1363 1373 1311
1373 1439 1388
1373 1388 1320
1388 1453 1396
1388 1396 1332
1396 1463 1418
1396 1418 1346
1418 1485 1432
1418 1432 1361
1432 1504 1451
1432 1451 1382
1451 1522 1471
1451 1471 1400
1471 1535 1495
1471 1495 1423
1495 1554 1520
1495 1520 1447
1520 1576 1538
1520 1538 1473
1538 1590 1560
1538 1560 1502
1560 1609 1582
1560 1582 1528
1582 1628 1600
1582 1600 1550
1600 1644 1623
1600 1623 1574
1623 1664 1641
1623 1641 1595
1641 1680 1657
1641 1657 1614
1657 1695 1675
1657 1675 1637
1675 1712 1693
1675 1693 1655
1693 1727 1713
1693 1713 1677
1713 1745 1733
1713 1733 1699
1733 1761 1747
1733 1747 1718
1747 1774 1764
1747 1764 1735
1764 1789 1780
1764 1780 1753
1780 1803 1796
1780 1796 1770
1796 1817 1807
1796 1807 1784
1807 1828 1821
1807 1821 1799
1821 1840 1832
1821 1832 1814
1832 1848 1843
1832 1843 1827
1843 1859 1853
1843 1853 1838
1853 1868 1865
1853 1865 1851
1865 1874 1873
1865 1873 1861
1873 1882 1880
1873 1880 1866
1880 1887 1885
1876 1879 1869
1876 1869 1866
1876 1866 1880
1876 1880 1885
1869 1872 1860
1869 1860 1857
1860 1864 1850
1860 1850 1844
1850 1852 1837
1850 1837 1833
1837 1842 1826
1837 1826 1819
1826 1831 1813
1826 1813 1805
1813 1822 1800
1813 1800 1792
1800 1808 1785
1800 1785 1777
1785 1795 1771
1785 1771 1758
1771 1781 1754
1771 1754 1742
1754 1765 1736
1754 1736 1723
1736 1748 1717
1736 1717 1704
1717 1734 1700
1717 1700 1681
1700 1714 1678
1700 1678 1663
1678 1694 1654
1678 1654 1638
1654 1676 1636
1654 1636 1611
1636 1656 1613
1636 1613 1591
1613 1640 1596
1613 1596 1565
1596 1624 1573
1596 1573 1543
1573 1599 1549
1573 1549 1515
1549 1581 1527
1549 1527 1488
1527 1559 1501
1527 1501 1457
1501 1537 1472
1501 1472 1428
1472 1519 1446
1472 1446 1398
1446 1494 1424
1446 1424 1377
1424 1470 1399
1424 1399 1352
1399 1450 1381
1399 1381 1333
1381 1433 1360
1381 1360 1315
1360 1417 1345
1360 1345 1294
1345 1395 1331
1345 1331 1279
1331 1387 1319
1331 1319 1272
1319 1372 1310
1319 1310 1254
1310 1362 1300
1310 1300 1244
1300 1356 1292
1300 1292 1237
1292 1347 1287
1292 1287 1226
1226 1287 1256
1256 1287 1339
1226 1189 1161
1226 1161 1187
1161 1125 1099
1161 1099 1133
1099 1064 1038
1099 1038 1072
1038 1003 980
1038 980 1016
980 945 920
980 920 958
920 888 863
920 863 899
863 835 813
863 813 845
813 786 760
813 760 792
760 736 708
760 708 744
708 686 661
708 661 694
661 635 616
661 616 647
616 585 572
616 572 596
572 543 526
572 526 546
526 499 485
526 485 504
485 460 437
485 437 466
437 422 400
437 400 428
400 382 365
400 365 392
365 343 332
365 332 357
332 310 299
332 299 320
299 280 269
299 269 284
269 248 236
269 236 252
236 221 203
236 203 226
203 193 180
203 180 199
180 169 157
180 157 175
157 140 136
157 136 153
136 120 115
136 115 132
115 102 97
115 97 112
97 85 80
97 80 93
80 69 64
80 64 75
64 55 51
64 51 59
51 43 38
51 38 47
38 31 29
38 29 40
29 20 22
29 22 28
22 13 17
22 17 23
23 17 14
14 17 8
23 21 30
23 30 33
30 32 39
30 39 41
39 44 52
39 52 48
52 56 65
52 65 60
65 70 81
65 81 76
81 84 96
81 96 92
96 101 116
96 116 111
116 119 135
116 135 131
135 139 156
135 156 152
156 168 179
156 179 174
179 194 204
179 204 200
204 220 235
204 235 225
235 247 268
235 268 253
268 279 300
268 300 283
300 309 331
300 331 319
331 342 364
331 364 356
364 381 399
364 399 391
399 421 438
399 438 427
438 459 484
438 484 465
484 498 525
484 525 505
525 542 571
525 571 545
571 584 615
571 615 595
615 634 660
615 660 646
660 685 707
660 707 693
707 735 759
707 759 743
759 785 812
759 812 791
812 834 862
812 862 844
862 887 921
862 921 900
921 946 979
921 979 957
979 1004 1039
979 1039 1015
1039 1065 1100
1039 1100 1073
1100 1126 1162
1100 1162 1134
1162 1190 1225
1162 1225 1200
1225 1257 1293
1225 1293 1278
1278 1293 1348
1348 1293 1340
1278 1357 1301
1278 1301 1240
1301 1363 1311
1301 1311 1245
1311 1373 1320
1311 1320 1255
1320 1388 1332
1320 1332 1273
1332 1396 1346
1332 1346 1280
1346 1418 1361
1346 1361 1295
1361 1432 1382
1361 1382 1316
1382 1451 1400
1382 1400 1334
1400 1471 1423
1400 1423 1353
1423 1495 1447
1423 1447 1376
1447 1520 1473
1447 1473 1397
1473 1538 1502
1473 1502 1427
1502 1560 1528
1502 1528 1456
1528 1582 1550
1528 1550 1489
1550 1600 1574
1550 1574 1516
1574 1623 1595
1574 1595 1544
1595 1641 1614
1595 1614 1566
1614 1657 1637
1614 1637 1592
1637 1675 1655
1637 1655 1612
1655 1693 1677
1655 1677 1639
1677 1713 1699
1677 1699 1662
1699 1733 1718
1699 1718 1682
1718 1747 1735
1718 1735 1703
1735 1764 1753
1735 1753 1724
1753 1780 1770
1753 1770 1741
1770 1796 1784
1770 1784 1757
1784 1807 1799
1784 1799 1776
1799 1821 1814
1799 1814 1791
1814 1832 1827
1814 1827 1806
1827 1843 1838
1827 1838 1820
1838 1853 1851
1838 1851 1834
1851 1865 1861
1851 1861 1845
1861 1873 1866
1861 1866 1854
1857 1860 1844
1857 1844 1841
1869 1857 1866
1844 1850 1833
1844 1833 1825
1833 1837 1819
1833 1819 1815
1819 1826 1805
1819 1805 1797
1805 1813 1792
1805 1792 1782
1792 1800 1777
1792 1777 1767
1777 1785 1758
1777 1758 1749
1758 1771 1742
1758 1742 1732
1742 1754 1723
1742 1723 1709
1723 1736 1704
1723 1704 1690
1704 1717 1681
1704 1681 1666
1681 1700 1663
1681 1663 1643
1663 1678 1638
1663 1638 1620
1638 1654 1611
1638 1611 1593
1611 1636 1591
1611 1591 1563
1591 1613 1565
1591 1565 1539
1565 1596 1543
1565 1543 1510
1543 1573 1515
1543 1515 1480
1515 1549 1488
1515 1488 1444
1488 1527 1457
1488 1457 1416
1457 1501 1428
1457 1428 1385
1428 1472 1398
1428 1398 1359
1398 1446 1377
1398 1377 1329
1377 1424 1352
1377 1352 1308
1352 1399 1333
1352 1333 1283
1333 1381 1315
1333 1315 1270
1315 1360 1294
1315 1294 1250
1294 1345 1279
1294 1279 1231
1279 1331 1272
1279 1272 1213
1272 1319 1254
1272 1254 1207
1254 1310 1244
1254 1244 1192
1244 1300 1237
1244 1237 1183
1237 1292 1226
1187 1161 1133
1187 1133 1183
1226 1187 1237
1237 1187 1183
1133 1099 1072
1133 1072 1120
1072 1038 1016
1072 1016 1049
1016 980 958
1016 958 990
958 920 899
958 899 934
899 863 845
899 845 879
845 813 792
845 792 821
792 760 744
792 744 773
744 708 694
744 694 724
694 661 647
694 647 667
647 616 596
647 596 622
596 572 546
596 546 578
546 526 504
546 504 536
504 485 466
504 466 494
466 437 428
466 428 452
428 400 392
428 392 414
392 365 357
392 357 374
357 332 320
357 320 339
320 299 284
320 284 307
284 269 252
284 252 277
252 236 226
252 226 249
226 203 199
226 199 222
199 180 175
199 175 196
175 157 153
175 153 171
153 136 132
153 132 148
132 115 112
132 112 125
112 97 93
112 93 106
93 80 75
93 75 88
75 64 59
75 59 73
59 51 47
59 47 61
47 38 40
47 40 53
40 29 28
40 28 42
28 22 23
33 30 41
33 41 42
23 33 28
28 33 42
41 39 48
41 48 54
48 52 60
48 60 62
60 65 76
60 76 74
76 81 92
76 92 89
92 96 111
92 111 105
111 116 131
111 131 126
131 135 152
131 152 147
152 156 174
152 174 170
174 179 200
174 200 195
200 204 225
200 225 223
225 235 253
225 253 250
253 268 283
253 283 278
283 300 319
283 319 308
319 331 356
319 356 338
356 364 391
356 391 373
391 399 427
391 427 413
427 438 465
427 465 451
465 484 505
465 505 495
505 525 545
505 545 535
545 571 595
545 595 577
595 615 646
595 646 621
646 660 693
646 693 666
693 707 743
693 743 723
743 759 791
743 791 772
791 812 844
791 844 820
844 862 900
844 900 880
900 921 957
900 957 933
957 979 1015
957 1015 989
1015 1039 1073
1015 1073 1050
1073 1100 1134
1073 1134 1119
1134 1162 1200
1134 1200 1184
1200 1225 1278
1240 1301 1245
1240 1245 1184
1278 1240 1200
1200 1240 1184
1245 1311 1255
1245 1255 1188
1255 1320 1273
1255 1273 1208
1273 1332 1280
1273 1280 1214
1280 1346 1295
1280 1295 1232
1295 1361 1316
1295 1316 1251
1316 1382 1334
1316 1334 1271
1334 1400 1353
1334 1353 1284
1353 1423 1376
1353 1376 1309
1376 1447 1397
1376 1397 1330
1397 1473 1427
1397 1427 1358
1427 1502 1456
1427 1456 1386
1456 1528 1489
1456 1489 1415
1489 1550 1516
1489 1516 1445
1516 1574 1544
1516 1544 1481
1544 1595 1566
1544 1566 1509
1566 1614 1592
1566 1592 1540
1592 1637 1612
1592 1612 1564
1612 1655 1639
1612 1639 1594
1639 1677 1662
1639 1662 1619
1662 1699 1682
1662 1682 1642
1682 1718 1703
1682 1703 1667
1703 1735 1724
1703 1724 1689
1724 1753 1741
1724 1741 1708
1741 1770 1757
1741 1757 1731
1757 1784 1776
1757 1776 1750
1776 1799 1791
1776 1791 1766
1791 1814 1806
1791 1806 1783
1806 1827 1820
1806 1820 1798
1820 1838 1834
1820 1834 1816
1834 1851 1845
1834 1845 1830
1845 1861 1854
1845 1854 1841
1854 1866 1857
1854 1857 1841
1841 1844 1825
1841 1825 1830
1841 1830 1845
1825 1833 1815
1825 1815 1809
1815 1819 1797
1815 1797 1793
1797 1805 1782
1797 1782 1778
1782 1792 1767
1782 1767 1756
1767 1777 1749
1767 1749 1739
1749 1758 1732
1749 1732 1719
1732 1742 1709
1732 1709 1698
1709 1723 1690
1709 1690 1673
1690 1704 1666
1690 1666 1651
1666 1681 1643
1666 1643 1625
1643 1663 1620
1643 1620 1597
1620 1638 1593
1620 1593 1569
1593 1611 1563
1593 1563 1541
1563 1591 1539
1563 1539 1507
1539 1565 1510
1539 1510 1476
1510 1543 1480
1510 1480 1437
1480 1515 1444
1480 1444 1405
1444 1488 1416
1444 1416 1371
1416 1457 1385
1416 1385 1343
1385 1428 1359
1385 1359 1318
1359 1398 1329
1359 1329 1288
1329 1377 1308
1329 1308 1264
1308 1352 1283
1308 1283 1241
1283 1333 1270
1283 1270 1219
1270 1315 1250
1270 1250 1205
1250 1294 1231
1250 1231 1181
1231 1279 1213
1231 1213 1167
1213 1272 1207
1213 1207 1151
1207 1254 1192
1207 1192 1143
1192 1244 1183
1192 1183 1120
1120 1183 1133
1120 1072 1049
1120 1049 1087
1049 1016 990
1049 990 1027
990 958 934
990 934 970
934 899 879
934 879 909
879 845 821
879 821 853
821 792 773
821 773 800
773 744 724
773 724 753
724 694 667
724 667 704
667 647 622
667 622 659
622 596 578
622 578 614
578 546 536
578 536 566
536 504 494
536 494 524
494 466 452
494 452 479
452 428 414
452 414 436
414 392 374
414 374 402
374 357 339
374 339 367
339 320 307
339 307 335
307 284 277
307 277 301
277 252 249
277 249 270
249 226 222
249 222 241
222 199 196
222 196 213
196 175 171
196 171 190
171 153 148
171 148 165
148 132 125
148 125 144
125 112 106
125 106 122
106 93 88
106 88 104
88 75 73
88 73 90
73 59 61
73 61 77
61 47 53
61 53 63
53 40 42
53 42 54
54 42 41
54 48 62
54 62 66
62 60 74
62 74 78
74 76 89
74 89 91
89 92 105
89 105 103
105 111 126
105 126 121
126 131 147
126 147 143
147 152 170
147 170 164
170 174 195
170 195 189
195 200 223
195 223 214
223 225 250
223 250 242
250 253 278
250 278 271
278 283 308
278 308 302
308 319 338
308 338 334
338 356 373
338 373 366
373 391 413
373 413 401
413 427 451
413 451 435
451 465 495
451 495 478
495 505 535
495 535 523
535 545 577
535 577 565
577 595 621
577 621 613
621 646 666
621 666 658
666 693 723
666 723 703
723 743 772
723 772 752
772 791 820
772 820 799
820 844 880
820 880 854
880 900 933
880 933 910
933 957 989
933 989 969
989 1015 1050
989 1050 1026
1050 1073 1119
1050 1119 1088
1119 1134 1184
1119 1184 1188
1188 1184 1245
1188 1255 1208
1188 1208 1140
1208 1273 1214
1208 1214 1152
1214 1280 1232
1214 1232 1168
1232 1295 1251
1232 1251 1182
1251 1316 1271
1251 1271 1206
1271 1334 1284
1271 1284 1220
1284 1353 1309
1284 1309 1242
1309 1376 1330
1309 1330 1265
1330 1397 1358
1330 1358 1289
1358 1427 1386
1358 1386 1317
1386 1456 1415
1386 1415 1344
1415 1489 1445
1415 1445 1370
1445 1516 1481
1445 1481 1406
1481 1544 1509
1481 1509 1436
1509 1566 1540
1509 1540 1477
1540 1592 1564
1540 1564 1508
1564 1612 1594
1564 1594 1542
1594 1639 1619
1594 1619 1570
1619 1662 1642
1619 1642 1598
1642 1682 1667
1642 1667 1626
1667 1703 1689
1667 1689 1650
1689 1724 1708
1689 1708 1672
1708 1741 1731
1708 1731 1697
1731 1757 1750
1731 1750 1720
1750 1776 1766
1750 1766 1738
1766 1791 1783
1766 1783 1755
1783 1806 1798
1783 1798 1779
1798 1820 1816
1798 1816 1794
1816 1834 1830
1816 1830 1810
1809 1815 1793
1809 1793 1786
1825 1810 1830
1793 1797 1778
1793 1778 1768
1778 1782 1756
1778 1756 1751
1756 1767 1739
1756 1739 1725
1739 1749 1719
1739 1719 1706
1719 1732 1698
1719 1698 1685
1698 1709 1673
1698 1673 1660
1673 1690 1651
1673 1651 1631
1651 1666 1625
1651 1625 1607
1625 1643 1597
1625 1597 1580
1597 1620 1569
1597 1569 1547
1569 1593 1541
1569 1541 1513
1541 1563 1507
1541 1507 1478
1507 1539 1476
1507 1476 1434
1476 1510 1437
1476 1437 1402
1437 1480 1405
1437 1405 1367
1405 1444 1371
1405 1371 1337
1371 1416 1343
1371 1343 1305
1343 1385 1318
1343 1318 1276
1318 1359 1288
1318 1288 1248
1288 1329 1264
1288 1264 1223
1264 1308 1241
1264 1241 1197
1241 1283 1219
1241 1219 1175
1219 1270 1205
1219 1205 1157
1205 1250 1181
1205 1181 1141
1181 1231 1167
1181 1167 1121
1167 1213 1151
1167 1151 1109
1151 1207 1143
1151 1143 1084
1143 1192 1120
1087 1049 1027
1087 1027 1084
1120 1087 1143
1143 1087 1084
1027 990 970
1027 970 1008
970 934 909
970 909 947
909 879 853
909 853 889
853 821 800
853 800 838
800 773 753
800 753 789
753 724 704
753 704 740
704 667 659
704 659 692
659 622 614
659 614 645
614 578 566
614 566 598
566 536 524
566 524 550
524 494 479
524 479 506
479 452 436
479 436 469
436 414 402
436 402 431
402 374 367
402 367 394
367 339 335
367 335 359
335 307 301
335 301 327
301 277 270
301 270 295
270 249 241
270 241 264
241 222 213
241 213 237
213 196 190
213 190 210
190 171 165
190 165 184
165 148 144
165 144 161
144 125 122
144 122 142
122 106 104
122 104 124
104 88 90
104 90 107
90 73 77
90 77 94
77 61 63
77 63 79
63 53 54
66 62 78
66 78 79
54 66 63
63 66 79
78 74 91
78 91 95
91 89 103
91 103 108
103 105 121
103 121 123
121 126 143
121 143 141
143 147 164
143 164 160
164 170 189
164 189 183
189 195 214
189 214 209
214 223 242
214 242 238
242 250 271
242 271 265
271 278 302
271 302 296
302 308 334
302 334 328
334 338 366
334 366 358
366 373 401
366 401 393
401 413 435
401 435 430
435 451 478
435 478 468
478 495 523
478 523 507
523 535 565
523 565 549
565 577 613
565 613 597
613 621 658
613 658 644
658 666 703
658 703 691
703 723 752
703 752 739
752 772 799
752 799 790
799 820 854
799 854 839
854 880 910
854 910 890
910 933 969
910 969 948
969 989 1026
969 1026 1005
1026 1050 1088
1026 1088 1081
1088 1119 1140
1140 1208 1152
1140 1152 1081
1188 1140 1119
1088 1140 1081
1152 1214 1168
1152 1168 1110
1168 1232 1182
1168 1182 1122
1182 1251 1206
1182 1206 1142
1206 1271 1220
1206 1220 1158
1220 1284 1242
1220 1242 1176
1242 1309 1265
1242 1265 1198
1265 1330 1289
1265 1289 1224
1289 1358 1317
1289 1317 1249
1317 1386 1344
1317 1344 1277
1344 1415 1370
1344 1370 1304
1370 1445 1406
1370 1406 1338
1406 1481 1436
1406 1436 1366
1436 1509 1477
1436 1477 1401
1477 1540 1508
1477 1508 1435
1508 1564 1542
1508 1542 1479
1542 1594 1570
1542 1570 1514
1570 1619 1598
1570 1598 1548
1598 1642 1626
1598 1626 1579
1626 1667 1650
1626 1650 1608
1650 1689 1672
1650 1672 1632
1672 1708 1697
1672 1697 1661
1697 1731 1720
1697 1720 1686
1720 1750 1738
1720 1738 1707
1738 1766 1755
1738 1755 1726
1755 1783 1779
1755 1779 1752
1779 1798 1794
1779 1794 1769
1794 1816 1810
1794 1810 1786
1810 1825 1809
1810 1809 1786
1786 1793 1768
1786 1768 1763
1768 1778 1751
1768 1751 1737
1751 1756 1725
1751 1725 1722
1725 1739 1706
1725 1706 1691
1706 1719 1685
1706 1685 1671
1685 1698 1660
1685 1660 1647
1660 1673 1631
1660 1631 1615
1631 1651 1607
1631 1607 1587
1607 1625 1580
1607 1580 1557
1580 1597 1547
1580 1547 1525
1547 1569 1513
1547 1513 1486
1513 1541 1478
1513 1478 1440
1478 1507 1434
1478 1434 1403
1434 1476 1402
1434 1402 1365
1402 1437 1367
1402 1367 1328
1367 1405 1337
1367 1337 1298
1337 1371 1305
1337 1305 1269
1305 1343 1276
1305 1276 1235
1276 1318 1248
1276 1248 1211
1248 1288 1223
1248 1223 1179
1223 1264 1197
1223 1197 1159
1197 1241 1175
1197 1175 1135
1175 1219 1157
1175 1157 1113
1157 1205 1141
1157 1141 1097
1141 1181 1121
1141 1121 1079
1121 1167 1109
1121 1109 1062
1109 1151 1084
1109 1084 1051
1008 970 947
1008 947 998
1027 1008 1084
947 909 889
947 889 931
889 853 838
889 838 876
838 800 789
838 789 822
789 753 740
789 740 775
740 704 692
740 692 727
692 659 645
692 645 676
645 614 598
645 598 624
598 566 550
598 550 580
550 524 506
550 506 540
506 479 469
506 469 501
469 436 431
469 431 462
431 402 394
431 394 424
394 367 359
394 359 388
359 335 327
359 327 352
327 301 295
327 295 321
295 270 264
295 264 289
264 241 237
264 237 260
237 213 210
237 210 232
210 190 184
210 184 206
184 165 161
184 161 182
161 144 142
161 142 163
142 122 124
142 124 146
124 104 107
124 107 128
107 90 94
107 94 113
94 77 79
94 79 98
95 91 108
95 108 114
78 95 79
108 103 123
108 123 127
123 121 141
123 141 145
141 143 160
141 160 162
160 164 183
160 183 181
183 189 209
183 209 205
209 214 238
209 238 231
238 242 265
238 265 261
265 271 296
265 296 290
296 302 328
296 328 322
328 334 358
328 358 353
358 366 393
358 393 387
393 401 430
393 430 423
430 435 468
430 468 461
468 478 507
468 507 500
507 523 549
507 549 539
549 565 597
549 597 579
597 613 644
597 644 623
644 658 691
644 691 677
691 703 739
691 739 726
739 752 790
739 790 774
790 799 839
790 839 823
839 854 890
839 890 877
890 910 948
890 948 932
948 969 1005
948 1005 993
1005 1026 1081
1005 1081 1044
1110 1168 1122
1110 1122 1063
1152 1110 1081
1122 1182 1142
1122 1142 1080
1142 1206 1158
1142 1158 1098
1158 1220 1176
1158 1176 1114
1176 1242 1198
1176 1198 1136
1198 1265 1224
1198 1224 1160
1224 1289 1249
1224 1249 1180
1249 1317 1277
1249 1277 1212
1277 1344 1304
1277 1304 1236
1304 1370 1338
1304 1338 1268
1338 1406 1366
1338 1366 1299
1366 1436 1401
1366 1401 1327
1401 1477 1435
1401 1435 1364
1435 1508 1479
1435 1479 1404
1479 1542 1514
1479 1514 1441
1514 1570 1548
1514 1548 1487
1548 1598 1579
1548 1579 1526
1579 1626 1608
1579 1608 1558
1608 1650 1632
1608 1632 1588
1632 1672 1661
1632 1661 1616
1661 1697 1686
1661 1686 1646
1686 1720 1707
1686 1707 1670
1707 1738 1726
1707 1726 1692
1726 1755 1752
1726 1752 1721
1752 1779 1769
1752 1769 1740
1769 1794 1786
1763 1768 1737
1763 1737 1740
1786 1763 1769
1769 1763 1740
1737 1751 1722
1737 1722 1705
1722 1725 1691
1722 1691 1687
1691 1706 1671
1691 1671 1658
1671 1685 1647
1671 1647 1629
1647 1660 1615
1647 1615 1602
1615 1631 1587
1615 1587 1567
1587 1607 1557
1587 1557 1533
1557 1580 1525
1557 1525 1498
1525 1547 1486
1525 1486 1454
1486 1513 1440
1486 1440 1410
1440 1478 1403
1440 1403 1368
1403 1434 1365
1403 1365 1335
1365 1402 1328
1365 1328 1297
1328 1367 1298
1328 1298 1262
1298 1337 1269
1298 1269 1229
1269 1305 1235
1269 1235 1204
1235 1276 1211
1235 1211 1171
1211 1248 1179
1211 1179 1147
1179 1223 1159
1179 1159 1117
1159 1197 1135
1159 1135 1095
1135 1175 1113
1135 1113 1076
1113 1157 1097
1113 1097 1054
1097 1141 1079
1097 1079 1036
1079 1121 1062
1079 1062 1021
1062 1109 1051
1062 1051 998
1051 1084 1008
1051 1008 998
998 947 931
998 931 966
931 889 876
931 876 911
876 838 822
876 822 858
822 789 775
822 775 805
775 740 727
775 727 757
727 692 676
727 676 710
676 645 624
676 624 663
624 598 580
624 580 618
580 550 540
580 540 574
540 506 501
540 501 531
501 469 462
501 462 491
462 431 424
462 424 454
424 394 388
424 388 418
388 359 352
388 352 384
352 327 321
352 321 348
321 295 289
321 289 315
289 264 260
289 260 285
260 237 232
260 232 255
232 210 206
232 206 230
206 184 182
206 182 208
182 161 163
182 163 186
163 142 146
163 146 167
146 124 128
146 128 150
128 107 113
128 113 133
113 94 98
113 98 114
98 79 95
98 95 114
114 108 127
114 127 134
127 123 145
127 145 149
145 141 162
145 162 166
162 160 181
162 181 185
181 183 205
181 205 207
205 209 231
205 231 229
231 238 261
231 261 254
261 265 290
261 290 286
290 296 322
290 322 316
322 328 353
322 353 349
353 358 387
353 387 383
387 393 423
387 423 417
423 430 461
423 461 453
461 468 500
461 500 490
500 507 539
500 539 532
539 549 579
539 579 573
579 597 623
579 623 617
623 644 677
623 677 662
677 691 726
677 726 709
726 739 774
726 774 756
774 790 823
774 823 806
823 839 877
823 877 859
877 890 932
877 932 912
932 948 993
932 993 961
993 1005 1044
993 1044 1063
1044 1081 1110
1044 1110 1063
1063 1122 1080
1063 1080 1019
1080 1142 1098
1080 1098 1037
1098 1158 1114
1098 1114 1055
1114 1176 1136
1114 1136 1077
1136 1198 1160
1136 1160 1096
1160 1224 1180
1160 1180 1118
1180 1249 1212
1180 1212 1148
1212 1277 1236
1212 1236 1172
1236 1304 1268
1236 1268 1203
1268 1338 1299
1268 1299 1230
1299 1366 1327
1299 1327 1261
1327 1401 1364
1327 1364 1296
1364 1435 1404
1364 1404 1336
1404 1479 1441
1404 1441 1369
1441 1514 1487
1441 1487 1411
1487 1548 1526
1487 1526 1455
1526 1579 1558
1526 1558 1499
1558 1608 1588
1558 1588 1534
1588 1632 1616
1588 1616 1568
1616 1661 1646
1616 1646 1603
1646 1686 1670
1646 1670 1630
1670 1707 1692
1670 1692 1659
1692 1726 1721
1692 1721 1688
1721 1752 1740
1721 1740 1710
1705 1722 1687
1705 1687 1674
1737 1710 1740
1687 1691 1658
1687 1658 1648
1658 1671 1629
1658 1629 1617
1629 1647 1602
1629 1602 1583
1602 1615 1567
1602 1567 1553
1567 1587 1533
1567 1533 1511
1533 1557 1498
1533 1498 1469
1498 1525 1454
1498 1454 1425
1454 1486 1410
1454 1410 1383
1410 1440 1368
1410 1368 1341
1368 1403 1335
1368 1335 1302
1335 1365 1297
1335 1297 1267
1297 1328 1262
1297 1262 1228
1262 1298 1229
1262 1229 1195
1229 1269 1204
1229 1204 1166
1204 1235 1171
1204 1171 1137
1171 1211 1147
1171 1147 1107
1147 1179 1117
1147 1117 1085
1117 1159 1095
1117 1095 1058
1095 1135 1076
1095 1076 1034
1076 1113 1054
1076 1054 1017
1054 1097 1036
1054 1036 994
1036 1079 1021
1036 1021 968
1021 1062 998
966 931 911
966 911 968
998 966 1021
1021 966 968
911 876 858
911 858 903
858 822 805
858 805 848
805 775 757
805 757 796
757 727 710
757 710 748
710 676 663
710 663 699
663 624 618
663 618 653
618 580 574
618 574 610
574 540 531
574 531 568
531 501 491
531 491 528
491 462 454
491 454 487
454 424 418
454 418 448
418 388 384
418 384 410
384 352 348
384 348 375
348 321 315
348 315 344
315 289 285
315 285 311
285 260 255
285 255 281
255 232 230
255 230 257
230 206 208
230 208 234
208 182 186
208 186 212
186 163 167
186 167 192
167 146 150
167 150 173
150 128 133
150 133 151
133 113 114
134 127 149
134 149 151
114 134 133
133 134 151
149 145 166
149 166 172
166 162 185
166 185 191
185 181 207
185 207 211
207 205 229
207 229 233
229 231 254
229 254 256
254 261 286
254 286 282
286 290 316
286 316 312
316 322 349
316 349 345
349 353 383
349 383 376
383 387 417
383 417 409
417 423 453
417 453 447
453 461 490
453 490 486
490 500 532
490 532 527
532 539 573
532 573 567
573 579 617
573 617 609
617 623 662
617 662 652
662 677 709
662 709 700
709 726 756
709 756 747
756 774 806
756 806 795
806 823 859
806 859 849
859 877 912
859 912 904
912 932 961
912 961 967
961 993 1019
1019 1080 1037
1019 1037 967
1063 1019 993
961 1019 967
1037 1098 1055
1037 1055 995
1055 1114 1077
1055 1077 1018
1077 1136 1096
1077 1096 1035
1096 1160 1118
1096 1118 1059
1118 1180 1148
1118 1148 1086
1148 1212 1172
1148 1172 1108
1172 1236 1203
1172 1203 1138
1203 1268 1230
1203 1230 1165
1230 1299 1261
1230 1261 1196
1261 1327 1296
1261 1296 1227
1296 1364 1336
1296 1336 1266
1336 1404 1369
1336 1369 1303
1369 1441 1411
1369 1411 1342
1411 1487 1455
1411 1455 1384
1455 1526 1499
1455 1499 1426
1499 1558 1534
1499 1534 1468
1534 1588 1568
1534 1568 1512
1568 1616 1603
1568 1603 1552
1603 1646 1630
1603 1630 1584
1630 1670 1659
1630 1659 1618
1659 1692 1688
1659 1688 1649
1688 1721 1710
1688 1710 1674
1710 1737 1705
1710 1705 1674
1674 1687 1648
1674 1648 1635
1648 1658 1617
1648 1617 1606
1617 1629 1583
1617 1583 1572
1583 1602 1553
1583 1553 1531
1553 1567 1511
1553 1511 1493
1511 1533 1469
1511 1469 1442
1469 1498 1425
1469 1425 1393
1425 1454 1383
1425 1383 1354
1383 1410 1341
1383 1341 1313
1341 1368 1302
1341 1302 1274
1302 1335 1267
1302 1267 1233
1267 1297 1228
1267 1228 1202
1228 1262 1195
1228 1195 1164
1195 1229 1166
1195 1166 1127
1166 1204 1137
1166 1137 1104
1137 1171 1107
1137 1107 1074
1107 1147 1085
1107 1085 1047
1085 1117 1058
1085 1058 1024
1058 1095 1034
1058 1034 999
1034 1076 1017
1034 1017 977
1017 1054 994
1017 994 959
994 1036 968
994 968 937
903 858 848
903 848 894
911 903 968
848 805 796
848 796 836
796 757 748
796 748 788
748 710 699
748 699 741
699 663 653
699 653 695
653 618 610
653 610 649
610 574 568
610 568 604
568 531 528
568 528 559
528 491 487
528 487 520
487 454 448
487 448 481
448 418 410
448 410 444
410 384 375
410 375 406
375 348 344
375 344 369
344 315 311
344 311 340
311 285 281
311 281 313
281 255 257
281 257 288
257 230 234
257 234 263
234 208 212
234 212 240
212 186 192
212 192 216
192 167 173
192 173 198
173 150 151
173 151 176
172 166 191
172 191 197
149 172 151
191 185 211
191 211 215
211 207 233
211 233 239
233 229 256
233 256 262
256 254 282
256 282 287
282 286 312
282 312 314
312 316 345
312 345 341
345 349 376
345 376 370
376 383 409
376 409 405
409 417 447
409 447 443
447 453 486
447 486 480
486 490 527
486 527 519
527 532 567
527 567 560
567 573 609
567 609 603
609 617 652
609 652 648
652 662 700
652 700 696
700 709 747
700 747 742
747 756 795
747 795 787
795 806 849
795 849 837
849 859 904
849 904 891
904 912 967
904 967 942
995 1055 1018
995 1018 960
1037 995 967
1018 1077 1035
1018 1035 978
1035 1096 1059
1035 1059 1000
1059 1118 1086
1059 1086 1025
1086 1148 1108
1086 1108 1048
1108 1172 1138
1108 1138 1075
1138 1203 1165
1138 1165 1103
1165 1230 1196
1165 1196 1128
1196 1261 1227
1196 1227 1163
1227 1296 1266
1227 1266 1201
1266 1336 1303
1266 1303 1234
1303 1369 1342
1303 1342 1275
1342 1411 1384
1342 1384 1314
1384 1455 1426
1384 1426 1355
1426 1499 1468
1426 1468 1394
1468 1534 1512
1468 1512 1443
1512 1568 1552
1512 1552 1492
1552 1603 1584
1552 1584 1532
1584 1630 1618
1584 1618 1571
1618 1659 1649
1618 1649 1601
1649 1688 1674
1635 1648 1606
1635 1606 1601
1635 1601 1649
1635 1649 1674
1606 1617 1572
1606 1572 1556
1572 1583 1531
1572 1531 1517
1531 1553 1493
1531 1493 1467
1493 1511 1442
1493 1442 1421
1442 1469 1393
1442 1393 1374
1393 1425 1354
1393 1354 1323
1354 1383 1313
1354 1313 1285
1313 1341 1274
1313 1274 1246
1274 1302 1233
1274 1233 1209
1233 1267 1202
1233 1202 1170
1202 1228 1164
1202 1164 1132
1164 1195 1127
1164 1127 1101
1127 1166 1104
1127 1104 1067
1104 1137 1074
1104 1074 1042
1074 1107 1047
1074 1047 1013
1047 1085 1024
1047 1024 987
1024 1058 999
1024 999 964
999 1034 977
999 977 940
977 1017 959
977 959 919
959 994 937
959 937 894
894 937 903
903 937 968
894 848 836
894 836 871
836 796 788
836 788 827
788 748 741
788 741 780
741 699 695
741 695 733
695 653 649
695 649 688
649 610 604
649 604 641
604 568 559
604 559 600
559 528 520
559 520 556
520 487 481
520 481 514
481 448 444
481 444 475
444 410 406
444 406 440
406 375 369
406 369 403
369 344 340
369 340 371
340 311 313
340 313 346
313 281 288
313 288 317
288 257 263
288 263 292
263 234 240
263 240 267
240 212 216
240 216 244
216 192 198
216 198 224
198 173 176
198 176 197
197 176 172
172 176 151
197 191 215
197 215 219
215 211 239
215 239 243
239 233 262
239 262 266
262 256 287
262 287 291
287 282 314
287 314 318
314 312 341
314 341 347
341 345 370
341 370 372
370 376 405
370 405 404
405 409 443
405 443 439
443 447 480
443 480 474
480 486 519
480 519 513
519 527 560
519 560 555
560 567 603
560 603 599
603 609 648
603 648 640
648 652 696
648 696 687
696 700 742
696 742 734
742 747 787
742 787 779
787 795 837
787 837 826
837 849 891
837 891 865
891 904 942
891 942 960
960 942 995
995 942 967
960 1018 978
960 978 914
978 1035 1000
978 1000 941
1000 1059 1025
1000 1025 965
1025 1086 1048
1025 1048 988
1048 1108 1075
1048 1075 1014
1075 1138 1103
1075 1103 1043
1103 1165 1128
1103 1128 1066
1128 1196 1163
1128 1163 1102
1163 1227 1201
1163 1201 1131
1201 1266 1234
1201 1234 1169
1234 1303 1275
1234 1275 1210
1275 1342 1314
1275 1314 1247
1314 1384 1355
1314 1355 1286
1355 1426 1394
1355 1394 1324
1394 1468 1443
1394 1443 1375
1443 1512 1492
1443 1492 1422
1492 1552 1532
1492 1532 1466
1532 1584 1571
1532 1571 1518
1571 1618 1601
1571 1601 1551
1556 1572 1517
1556 1517 1500
1606 1556 1601
1517 1531 1467
1517 1467 1448
1467 1493 1421
1467 1421 1392
1421 1442 1374
1421 1374 1349
1374 1393 1323
1374 1323 1306
1323 1354 1285
1323 1285 1259
1285 1313 1246
1285 1246 1217
1246 1274 1209
1246 1209 1177
1209 1233 1170
1209 1170 1145
1170 1202 1132
1170 1132 1106
1132 1164 1101
1132 1101 1070
1101 1127 1067
1101 1067 1040
1067 1104 1042
1067 1042 1007
1042 1074 1013
1042 1013 983
1013 1047 987
1013 987 953
987 1024 964
987 964 929
964 999 940
964 940 907
940 977 919
940 919 878
919 959 894
871 836 827
871 827 878
894 871 919
919 871 878
827 788 780
827 780 817
780 741 733
780 733 769
733 695 688
733 688 729
688 649 641
688 641 680
641 604 600
641 600 637
600 559 556
600 556 591
556 520 514
556 514 552
514 481 475
514 475 510
475 444 440
475 440 473
440 406 403
440 403 441
403 369 371
403 371 407
371 340 346
371 346 377
346 313 317
346 317 350
317 288 292
317 292 323
292 263 267
292 267 298
267 240 244
267 244 273
244 216 224
244 224 251
224 198 219
219 215 243
219 243 251
197 219 198
224 219 251
243 239 266
243 266 272
266 262 291
266 291 297
291 287 318
291 318 324
318 314 347
318 347 351
347 341 372
347 372 378
372 370 404
372 404 408
404 405 439
404 439 442
439 443 474
439 474 472
474 480 513
474 513 509
513 519 555
513 555 551
555 560 599
555 599 592
599 603 640
599 640 636
640 648 687
640 687 679
687 696 734
687 734 728
734 742 779
734 779 768
779 787 826
779 826 816
826 837 865
826 865 870
865 891 914
914 978 941
914 941 870
960 914 891
865 914 870
941 1000 965
941 965 908
965 1025 988
965 988 930
988 1048 1014
988 1014 954
1014 1075 1043
1014 1043 984
1043 1103 1066
1043 1066 1006
1066 1128 1102
1066 1102 1041
1102 1163 1131
1102 1131 1071
1131 1201 1169
1131 1169 1105
1169 1234 1210
1169 1210 1146
1210 1275 1247
1210 1247 1178
1247 1314 1286
1247 1286 1218
1286 1355 1324
1286 1324 1260
1324 1394 1375
1324 1375 1307
1375 1443 1422
1375 1422 1350
1422 1492 1466
1422 1466 1391
1466 1532 1518
1466 1518 1449
1518 1571 1551
1518 1551 1500
1551 1601 1556
1551 1556 1500
1500 1517 1448
1500 1448 1429
1448 1467 1392
1448 1392 1378
1392 1421 1349
1392 1349 1325
1349 1374 1306
1349 1306 1281
1306 1323 1259
1306 1259 1238
1259 1285 1217
1259 1217 1193
1217 1246 1177
1217 1177 1153
1177 1209 1145
1177 1145 1115
1145 1170 1106
1145 1106 1082
1106 1132 1070
1106 1070 1045
1070 1101 1040
1070 1040 1009
1040 1067 1007
1040 1007 981
1007 1042 983
1007 983 949
983 1013 953
983 953 925
953 987 929
953 929 897
929 964 907
929 907 874
907 940 878
907 878 855
817 780 769
817 769 811
827 817 878
769 733 729
769 729 762
729 688 680
729 680 719
680 641 637
680 637 673
637 600 591
637 591 631
591 556 552
591 552 588
552 514 510
552 510 548
510 475 473
510 473 512
473 440 441
473 441 477
441 403 407
441 407 445
407 371 377
407 377 411
377 346 350
377 350 385
350 317 323
350 323 354
323 292 298
323 298 330
298 267 273
298 273 304
273 244 251
273 251 276
272 266 297
272 297 303
243 272 251
297 291 324
297 324 329
324 318 351
324 351 355
351 347 378
351 378 386
378 372 408
378 408 412
408 404 442
408 442 446
442 439 472
442 472 476
472 474 509
472 509 511
509 513 551
509 551 547
551 555 592
551 592 587
592 599 636
592 636 630
636 640 679
636 679 672
679 687 728
679 728 718
728 734 768
728 768 761
768 779 816
768 816 810
816 826 870
816 870 852
908 965 930
908 930 875
941 908 870
930 988 954
930 954 898
954 1014 984
954 984 926
984 1043 1006
984 1006 950
1006 1066 1041
1006 1041 982
1041 1102 1071
1041 1071 1010
1071 1131 1105
1071 1105 1046
1105 1169 1146
1105 1146 1083
1146 1210 1178
1146 1178 1116
1178 1247 1218
1178 1218 1154
1218 1286 1260
1218 1260 1194
1260 1324 1307
1260 1307 1239
1307 1375 1350
1307 1350 1282
1350 1422 1391
1350 1391 1326
1391 1466 1449
1391 1449 1379
1449 1518 1500
1429 1448 1378
1429 1378 1379
1429 1379 1449
1429 1449 1500
1378 1392 1325
1378 1325 1312
1325 1349 1281
1325 1281 1258
1281 1306 1238
1281 1238 1215
1238 1259 1193
1238 1193 1173
1193 1217 1153
1193 1153 1129
1153 1177 1115
1153 1115 1091
1115 1145 1082
1115 1082 1056
1082 1106 1045
1082 1045 1023
1045 1070 1009
1045 1009 985
1009 1040 981
1009 981 951
981 1007 949
981 949 923
949 983 925
949 925 892
925 953 897
925 897 868
897 929 874
897 874 825
874 907 855
874 855 811
811 855 817
817 855 878
811 769 762
811 762 825
811 825 874
762 729 719
762 719 767
719 680 673
719 673 715
673 637 631
673 631 669
631 591 588
631 588 626
588 552 548
588 548 590
548 510 512
548 512 554
512 473 477
512 477 516
477 441 445
477 445 482
445 407 411
445 411 449
411 377 385
411 385 419
385 350 354
385 354 389
354 323 330
354 330 360
330 298 304
330 304 333
304 273 276
304 276 303
303 276 272
272 276 251
303 297 329
303 329 333
303 333 304
329 324 355
329 355 361
355 351 386
355 386 390
386 378 412
386 412 420
412 408 446
412 446 450
446 442 476
446 476 483
476 472 511
476 511 515
511 509 547
511 547 553
547 551 587
547 587 589
587 592 630
587 630 627
630 636 672
630 672 668
672 679 718
672 718 714
718 728 761
718 761 765
761 768 810
761 810 824
810 816 852
810 852 875
875 852 908
908 852 870
875 930 898
875 898 824
875 824 810
898 954 926
898 926 869
926 984 950
926 950 893
950 1006 982
950 982 924
982 1041 1010
982 1010 952
1010 1071 1046
1010 1046 986
1046 1105 1083
1046 1083 1022
1083 1146 1116
1083 1116 1057
1116 1178 1154
1116 1154 1092
1154 1218 1194
1154 1194 1130
1194 1260 1239
1194 1239 1174
1239 1307 1282
1239 1282 1216
1282 1350 1326
1282 1326 1263
1326 1391 1379
1326 1379 1312
1312 1379 1378
1312 1325 1258
1312 1258 1243
1258 1281 1215
1258 1215 1191
1215 1238 1173
1215 1173 1149
1173 1193 1129
1173 1129 1111
1129 1153 1091
1129 1091 1068
1091 1115 1056
1091 1056 1030
1056 1082 1023
1056 1023 997
1023 1045 985
1023 985 962
985 1009 951
985 951 927
951 981 923
951 923 895
923 949 892
923 892 866
892 925 868
892 868 840
868 897 825
868 825 814
767 719 715
767 715 776
762 767 825
715 673 669
715 669 713
669 631 626
669 626 671
626 588 590
626 590 633
590 548 554
590 554 594
554 512 516
554 516 558
516 477 482
516 482 522
482 445 449
482 449 488
449 411 419
449 419 455
419 385 389
419 389 425
389 354 360
389 360 395
360 330 333
360 333 368
361 355 390
361 390 398
329 361 333
390 386 420
390 420 426
420 412 450
420 450 456
450 446 483
450 483 489
483 476 515
483 515 521
515 511 553
515 553 557
553 547 589
553 589 593
589 587 627
589 627 632
627 630 668
627 668 670
668 672 714
668 714 712
714 718 765
714 765 771
765 761 824
765 824 809
869 926 893
869 893 841
898 869 824
893 950 924
893 924 867
924 982 952
924 952 896
952 1010 986
952 986 928
986 1046 1022
986 1022 963
1022 1083 1057
1022 1057 996
1057 1116 1092
1057 1092 1031
1092 1154 1130
1092 1130 1069
1130 1194 1174
1130 1174 1112
1174 1239 1216
1174 1216 1150
1216 1282 1263
1216 1263 1199
1263 1326 1312
1243 1258 1191
1243 1191 1199
1312 1243 1263
1263 1243 1199
1191 1215 1149
1191 1149 1139
1149 1173 1111
1149 1111 1089
1111 1129 1068
1111 1068 1052
1068 1091 1030
1068 1030 1011
1030 1056 997
1030 997 974
997 1023 962
997 962 938
962 985 927
962 927 905
927 951 895
927 895 872
895 923 866
895 866 842
866 892 840
866 840 804
840 868 814
840 814 776
814 825 767
814 767 776
776 715 713
776 713 758
713 669 671
713 671 717
671 626 633
671 633 674
633 590 594
633 594 639
594 554 558
594 558 602
558 516 522
558 522 562
522 482 488
522 488 529
488 449 455
488 455 492
455 419 425
455 425 463
425 389 395
425 395 429
395 360 368
395 368 398
368 333 361
368 361 398
398 390 426
398 426 432
426 420 456
426 456 464
456 450 489
456 489 493
489 483 521
489 521 530
521 515 557
521 557 561
557 553 593
557 593 601
593 589 632
593 632 638
632 627 670
632 670 675
670 668 712
670 712 716
712 714 771
712 771 751
771 765 809
771 809 841
809 824 869
809 869 841
841 893 867
841 867 801
867 924 896
867 896 843
896 952 928
896 928 873
928 986 963
928 963 906
963 1022 996
963 996 939
996 1057 1031
996 1031 975
1031 1092 1069
1031 1069 1012
1069 1130 1112
1069 1112 1053
1112 1174 1150
1112 1150 1090
1150 1216 1199
1150 1199 1144
1139 1149 1089
1139 1089 1078
1191 1144 1199
1089 1111 1052
1089 1052 1032
1052 1068 1011
1052 1011 991
1011 1030 974
1011 974 955
974 997 938
974 938 917
938 962 905
938 905 883
905 927 872
905 872 850
872 895 842
872 842 818
842 866 804
842 804 778
804 840 776
758 713 717
758 717 778
776 758 804
804 758 778
717 671 674
717 674 721
674 633 639
674 639 682
639 594 602
639 602 643
602 558 562
602 562 606
562 522 529
562 529 569
529 488 492
529 492 533
492 455 463
492 463 502
463 425 429
463 429 467
429 395 398
432 426 464
432 464 467
398 432 429
429 432 467
464 456 493
464 493 503
493 489 530
493 530 534
530 521 561
530 561 570
561 557 601
561 601 605
601 593 638
601 638 642
638 632 675
638 675 681
675 670 716
675 716 720
716 712 751
716 751 777
751 771 801
801 867 843
801 843 777
841 801 771
751 801 777
843 896 873
843 873 819
873 928 906
873 906 851
906 963 939
906 939 884
939 996 975
939 975 918
975 1031 1012
975 1012 956
1012 1069 1053
1012 1053 992
1053 1112 1090
1053 1090 1033
1090 1150 1144
1090 1144 1078
1144 1191 1139
1144 1139 1078
1078 1089 1032
1078 1032 1020
1032 1052 991
1032 991 971
991 1011 955
991 955 935
955 974 917
955 917 901
917 938 883
917 883 860
883 905 850
883 850 830
850 872 818
850 818 797
818 842 778
818 778 764
721 674 682
721 682 738
717 721 778
682 639 643
682 643 690
643 602 606
643 606 651
606 562 569
606 569 612
569 529 533
569 533 575
533 492 502
533 502 541
502 463 467
502 467 508
503 493 534
503 534 544
464 503 467
534 530 570
534 570 576
570 561 605
570 605 611
605 601 642
605 642 650
642 638 681
642 681 689
681 675 720
681 720 737
720 716 777
720 777 763
819 873 851
819 851 798
843 819 777
851 906 884
851 884 831
884 939 918
884 918 861
918 975 956
918 956 902
956 1012 992
956 992 936
992 1053 1033
992 1033 976
1033 1090 1078
1020 1032 971
1020 971 976
1078 1020 1033
1033 1020 976
971 991 935
971 935 913
935 955 901
935 901 881
901 917 860
901 860 846
860 883 830
860 830 807
830 850 797
830 797 781
797 818 764
797 764 738
764 778 721
764 721 738
738 682 690
738 690 730
690 643 651
690 651 698
651 606 612
651 612 655
612 569 575
612 575 619
575 533 541
575 541 581
541 502 508
541 508 544
508 467 503
508 503 544
544 534 576
544 576 586
576 570 611
576 611 620
611 605 650
611 650 654
650 642 689
650 689 697
689 681 737
689 737 725
737 720 763
737 763 798
763 777 819
763 819 798
798 851 831
798 831 770
831 884 861
831 861 808
861 918 902
861 902 847
902 956 936
902 936 882
936 992 976
936 976 922
913 935 881
913 881 864
971 922 976
881 901 846
881 846 828
846 860 807
846 807 793
807 830 781
807 781 750
781 797 738
730 690 698
730 698 750
738 730 781
781 730 750
698 651 655
698 655 702
655 612 619
655 619 665
619 575 581
619 581 625
581 541 544
586 576 620
586 620 625
544 586 581
581 586 625
620 611 654
620 654 664
654 650 697
654 697 701
697 689 725
697 725 746
725 737 770
770 831 808
770 808 746
798 770 737
725 770 746
808 861 847
808 847 794
847 902 882
847 882 829
882 936 922
882 922 864
922 971 913
922 913 864
864 881 828
864 828 815
828 846 793
828 793 766
793 807 750
793 750 745
702 655 665
702 665 711
698 702 750
665 619 625
665 625 678
664 654 701
664 701 722
620 664 625
701 697 746
701 746 749
794 847 829
794 829 782
808 794 746
829 882 864
815 828 766
815 766 782
815 782 829
815 829 864
766 793 745
766 745 711
711 745 702
702 745 750
711 665 678
711 678 722
722 678 664
664 678 625
722 701 749
722 749 782
782 749 794
794 749 746
766 711 722
766 722 782
120
1896
1894
1894
1891
1891
1888
1888
1883
1883
1877
1877
1870
1870
1862
1862
1855
1855
1847
1847
1836
1836
1824
1824
1812
1812
1802
1802
1788
1788
1773
1773
1760
1760
1743
1743
1729
1729
1716
1716
1701
1701
1683
1683
1669
1669
1652
1652
1634
1634
1621
1621
1605
1605
1586
1586
1578
1578
1561
1561
1545
1545
1529
1529
1523
1523
1505
1505
1496
1496
1490
1490
1482
1482
1474
1474
1464
1464
1460
1458
1389
1389
1321
1321
1252
1252
1185
1185
1123
1123
1060
1060
1001
1001
943
943
886
886
833
833
784
784
732
732
684
684
629
629
583
583
538
538
497
497
458
458
416
416
380
380
337
337
306
306
275
275
246
246
218
218
188
188
159
159
138
138
118
118
100
100
83
83
67
67
49
49
36
36
26
26
18
18
11
11
6
6
2
1459
1461
1461
1465
1465
1475
1475
1483
1483
1491
1491
1497
1497
1506
1506
1524
1524
1530
1530
1546
1546
1562
1562
1577
1577
1585
1585
1604
1604
1622
1622
1633
1633
1653
1653
1668
1668
1684
1684
1702
1702
1715
1715
1730
1730
1744
1744
1759
1759
1772
1772
1787
1787
1801
1801
1811
1811
1823
1823
1835
1835
1846
1846
1856
1856
1863
1863
1871
1871
1878
1878
1884
1884
1889
1889
1892
1892
1895
1895
1896
1460
1458
2
1
40
1
3
           1 
           0
3
7
           1 
           0
7
12
           1 
           0
12
19
           1 
           0
19
27
           1 
           0
27
37
           1 
           0
37
50
           1 
           0
50
68
           1 
           0
68
82
           1 
           0
82
99
           1 
           0
99
117
           1 
           0
117
137
           1 
           0
137
158
           1 
           0
158
187
           1 
           0
187
217
           1 
           0
217
245
           1 
           0
245
274
           1 
           0
274
305
           1 
           0
305
336
           1 
           0
336
379
           1 
           0
379
415
           1 
           0
415
457
           1 
           0
457
496
           1 
           0
496
537
           1 
           0
537
582
           1 
           0
582
628
           1 
           0
628
683
           1 
           0
683
731
           1 
           0
731
783
           1 
           0
783
832
           1 
           0
832
885
           1 
           0
885
944
           1 
           0
944
1002
           1 
           0
1002
1061
           1 
           0
1061
1124
           1 
           0
1124
1186
           1 
           0
1186
1253
           1 
           0
1253
1322
           1 
           0
1322
1390
           1 
           0
1390
1459
           1 
           0
0
