       1e-09
5000
       0.025
        1000
1681
           1
           0
           1
       0.025
       0.975
           0
       0.975
       0.025
           1
        0.05
        0.95
           0
        0.95
       0.025
       0.975
        0.05
        0.95
        0.05
       0.925
           0
           1
       0.075
       0.925
       0.025
       0.975
       0.075
       0.925
        0.05
        0.95
       0.075
         0.9
           0
           1
         0.1
       0.975
         0.1
         0.9
       0.025
       0.925
       0.075
         0.9
        0.05
        0.95
         0.1
         0.9
       0.075
       0.925
         0.1
       0.875
           0
           1
       0.125
       0.975
       0.125
       0.875
       0.025
        0.95
       0.125
       0.875
        0.05
         0.9
         0.1
       0.925
       0.125
       0.875
       0.075
           1
        0.15
        0.85
           0
       0.975
        0.15
        0.85
       0.025
        0.95
        0.15
        0.85
        0.05
         0.9
       0.125
       0.875
         0.1
       0.925
        0.15
        0.85
       0.075
           1
       0.175
       0.825
           0
       0.825
       0.025
       0.975
       0.175
       0.875
       0.125
        0.85
         0.1
         0.9
        0.15
       0.825
        0.05
        0.95
       0.175
       0.825
       0.075
       0.925
       0.175
       0.875
        0.15
        0.85
       0.125
         0.8
           0
           1
         0.2
         0.8
       0.025
       0.825
         0.1
         0.9
       0.175
       0.975
         0.2
         0.8
        0.05
        0.95
         0.2
        0.85
        0.15
         0.8
       0.075
       0.925
         0.2
       0.825
       0.125
       0.875
       0.175
         0.8
         0.1
         0.9
         0.2
       0.775
           0
           1
       0.225
       0.975
       0.225
       0.775
       0.025
       0.825
        0.15
        0.95
       0.225
        0.85
       0.175
       0.775
        0.05
         0.8
       0.125
       0.875
         0.2
       0.925
       0.225
       0.775
       0.075
         0.9
       0.225
       0.775
         0.1
       0.825
       0.175
         0.8
        0.15
        0.75
           0
           1
        0.25
        0.85
         0.2
        0.75
       0.025
       0.975
        0.25
        0.95
        0.25
        0.75
        0.05
       0.875
       0.225
       0.775
       0.125
        0.75
       0.075
       0.925
        0.25
       0.825
         0.2
         0.8
       0.175
        0.75
         0.1
         0.9
        0.25
        0.85
       0.225
       0.775
        0.15
       0.725
           0
           1
       0.275
       0.975
       0.275
       0.725
       0.025
        0.75
       0.125
        0.95
       0.275
       0.875
        0.25
       0.725
        0.05
         0.8
         0.2
       0.775
       0.175
       0.825
       0.225
       0.925
       0.275
       0.725
       0.075
        0.75
        0.15
        0.85
        0.25
         0.9
       0.275
       0.725
         0.1
           1
         0.3
         0.7
           0
       0.975
         0.3
         0.8
       0.225
       0.775
         0.2
         0.7
       0.025
       0.875
       0.275
       0.725
       0.125
        0.95
         0.3
         0.7
        0.05
       0.825
        0.25
        0.75
       0.175
       0.925
         0.3
         0.7
       0.075
        0.85
       0.275
       0.725
        0.15
         0.7
         0.1
         0.9
         0.3
       0.775
       0.225
         0.8
        0.25
        0.75
         0.2
       0.675
           0
           1
       0.325
       0.875
         0.3
         0.7
       0.125
       0.675
       0.025
       0.975
       0.325
       0.825
       0.275
       0.725
       0.175
       0.675
        0.05
        0.95
       0.325
       0.675
       0.075
       0.925
       0.325
        0.85
         0.3
         0.7
        0.15
        0.75
       0.225
       0.775
        0.25
         0.9
       0.325
       0.675
         0.1
         0.8
       0.275
       0.725
         0.2
       0.825
         0.3
         0.7
       0.175
       0.675
       0.125
       0.875
       0.325
        0.65
           0
           1
        0.35
       0.975
        0.35
        0.65
       0.025
        0.95
        0.35
        0.75
        0.25
        0.65
        0.05
       0.725
       0.225
       0.775
       0.275
       0.675
        0.15
       0.925
        0.35
        0.85
       0.325
        0.65
       0.075
         0.8
         0.3
         0.7
         0.2
         0.9
        0.35
        0.65
         0.1
       0.825
       0.325
       0.675
       0.175
        0.75
       0.275
        0.65
       0.125
       0.725
        0.25
       0.875
        0.35
       0.625
           0
           1
       0.375
         0.7
       0.225
       0.775
         0.3
       0.625
       0.025
       0.975
       0.375
       0.625
        0.05
        0.95
       0.375
        0.85
        0.35
        0.65
        0.15
       0.675
         0.2
         0.8
       0.325
       0.925
       0.375
       0.625
       0.075
         0.9
       0.375
       0.625
         0.1
       0.725
       0.275
        0.75
         0.3
         0.7
        0.25
       0.825
        0.35
        0.65
       0.175
       0.675
       0.225
       0.625
       0.125
       0.875
       0.375
       0.775
       0.325
         0.6
           0
           1
         0.4
         0.6
       0.025
       0.975
         0.4
         0.8
        0.35
         0.6
        0.05
        0.65
         0.2
        0.95
         0.4
        0.85
       0.375
       0.625
        0.15
         0.6
       0.075
         0.7
       0.275
       0.725
         0.3
       0.925
         0.4
       0.675
        0.25
        0.75
       0.325
         0.9
         0.4
         0.6
         0.1
       0.625
       0.175
       0.825
       0.375
        0.65
       0.225
       0.775
        0.35
         0.6
       0.125
       0.875
         0.4
         0.7
         0.3
           1
       0.425
       0.625
         0.2
         0.8
       0.375
       0.575
           0
       0.675
       0.275
       0.975
       0.425
       0.575
       0.025
       0.725
       0.325
        0.85
         0.4
         0.6
        0.15
       0.575
        0.05
        0.95
       0.425
        0.75
        0.35
        0.65
        0.25
       0.575
       0.075
       0.925
       0.425
       0.825
         0.4
       0.575
         0.1
         0.6
       0.175
         0.9
       0.425
       0.625
       0.225
       0.775
       0.375
       0.675
         0.3
         0.7
       0.325
       0.575
       0.125
       0.875
       0.425
       0.725
        0.35
        0.65
       0.275
         0.6
         0.2
         0.8
         0.4
        0.55
           0
           1
        0.45
        0.55
       0.025
       0.625
        0.25
        0.75
       0.375
       0.575
        0.15
        0.85
       0.425
       0.975
        0.45
        0.55
        0.05
        0.95
        0.45
        0.55
       0.075
       0.925
        0.45
       0.775
         0.4
         0.6
       0.225
       0.675
       0.325
       0.825
       0.425
       0.575
       0.175
        0.55
         0.1
         0.7
        0.35
        0.65
         0.3
         0.9
        0.45
       0.625
       0.275
       0.725
       0.375
        0.55
       0.125
       0.875
        0.45
         0.8
       0.425
       0.575
         0.2
        0.75
         0.4
         0.6
        0.25
        0.55
        0.15
        0.85
        0.45
       0.525
           0
           1
       0.475
       0.525
       0.025
       0.975
       0.475
       0.675
        0.35
       0.525
        0.05
        0.95
       0.475
        0.65
       0.325
       0.625
         0.3
         0.7
       0.375
       0.525
       0.075
       0.925
       0.475
       0.575
       0.225
       0.775
       0.425
        0.55
       0.175
       0.825
        0.45
       0.525
         0.1
         0.9
       0.475
         0.6
       0.275
       0.725
         0.4
       0.525
       0.125
       0.875
       0.475
        0.55
         0.2
         0.8
        0.45
        0.75
       0.425
       0.575
        0.25
        0.65
        0.35
       0.625
       0.325
       0.675
       0.375
       0.525
        0.15
        0.85
       0.475
         0.5
           0
           1
         0.5
         0.6
         0.3
         0.7
         0.4
         0.5
       0.025
       0.975
         0.5
         0.5
        0.05
        0.95
         0.5
        0.55
       0.225
       0.775
        0.45
         0.5
       0.075
       0.925
         0.5
       0.825
       0.475
       0.525
       0.175
       0.575
       0.275
       0.725
       0.425
         0.5
         0.1
         0.9
         0.5
       0.625
        0.35
        0.65
       0.375
        0.55
        0.25
        0.75
        0.45
         0.5
       0.125
       0.525
         0.2
         0.6
       0.325
       0.675
         0.4
         0.8
       0.475
       0.875
         0.5
       0.575
         0.3
         0.7
       0.425
         0.5
        0.15
        0.85
         0.5
       0.475
           0
           1
       0.525
       0.475
       0.025
       0.525
       0.225
       0.775
       0.475
       0.975
       0.525
        0.55
       0.275
       0.475
        0.05
       0.725
        0.45
        0.95
       0.525
       0.825
         0.5
         0.5
       0.175
       0.475
       0.075
       0.625
       0.375
       0.925
       0.525
        0.65
         0.4
         0.6
        0.35
       0.475
         0.1
         0.9
       0.525
       0.575
       0.325
       0.675
       0.425
       0.525
        0.25
        0.75
       0.475
         0.5
         0.2
         0.8
         0.5
       0.475
       0.125
       0.875
       0.525
        0.55
         0.3
         0.7
        0.45
        0.85
       0.525
       0.475
        0.15
         0.5
       0.225
         0.6
       0.375
       0.625
         0.4
       0.775
         0.5
       0.525
       0.275
       0.725
       0.475
        0.45
           0
           1
        0.55
        0.45
       0.025
       0.575
        0.35
        0.65
       0.425
       0.975
        0.55
        0.45
        0.05
        0.95
        0.55
       0.825
       0.525
       0.475
       0.175
        0.55
       0.325
       0.675
        0.45
        0.45
       0.075
       0.925
        0.55
         0.5
        0.25
        0.75
         0.5
         0.9
        0.55
        0.45
         0.1
       0.475
         0.2
         0.8
       0.525
       0.525
         0.3
         0.7
       0.475
        0.45
       0.125
       0.875
        0.55
         0.6
         0.4
       0.575
       0.375
       0.625
       0.425
        0.55
        0.35
        0.65
        0.45
        0.45
        0.15
        0.85
        0.55
         0.5
       0.275
       0.725
         0.5
       0.475
       0.225
       0.775
       0.525
       0.425
           0
           1
       0.575
       0.525
       0.325
       0.675
       0.475
       0.975
       0.575
       0.425
       0.025
        0.95
       0.575
       0.825
        0.55
       0.425
        0.05
        0.45
       0.175
       0.925
       0.575
       0.425
       0.075
       0.475
        0.25
        0.75
       0.525
         0.5
         0.3
         0.7
         0.5
         0.9
       0.575
       0.425
         0.1
       0.575
         0.4
         0.6
       0.425
        0.45
         0.2
         0.8
        0.55
        0.55
       0.375
       0.625
        0.45
       0.875
       0.575
       0.425
       0.125
       0.525
        0.35
        0.65
       0.475
       0.475
       0.275
       0.725
       0.525
        0.85
       0.575
        0.45
       0.225
       0.425
        0.15
       0.775
        0.55
         0.5
       0.325
       0.675
         0.5
         0.4
           0
           1
         0.6
         0.4
       0.025
       0.975
         0.6
       0.425
       0.175
       0.575
       0.425
       0.825
       0.575
         0.4
        0.05
        0.55
         0.4
        0.95
         0.6
         0.6
        0.45
        0.45
        0.25
        0.75
        0.55
       0.475
         0.3
       0.925
         0.6
         0.7
       0.525
         0.4
       0.075
       0.525
       0.375
       0.625
       0.475
         0.4
         0.1
         0.9
         0.6
         0.8
       0.575
       0.425
         0.2
         0.5
        0.35
        0.65
         0.5
         0.4
       0.125
       0.875
         0.6
        0.45
       0.275
       0.725
        0.55
       0.775
       0.575
       0.425
       0.225
       0.475
       0.325
       0.675
       0.525
        0.85
         0.6
         0.4
        0.15
        0.55
       0.425
       0.575
        0.45
       0.525
         0.4
         0.6
       0.475
       0.825
         0.6
       0.375
           0
           1
       0.625
         0.4
       0.175
         0.5
       0.375
       0.625
         0.5
       0.375
       0.025
       0.975
       0.625
        0.45
         0.3
         0.7
        0.55
        0.75
       0.575
       0.375
        0.05
        0.95
       0.625
       0.425
        0.25
       0.375
       0.075
       0.925
       0.625
       0.475
        0.35
        0.65
       0.525
         0.4
         0.2
         0.8
         0.6
         0.9
       0.625
       0.375
         0.1
        0.55
        0.45
       0.725
       0.575
       0.375
       0.125
       0.525
       0.425
       0.575
       0.475
       0.875
       0.625
       0.425
       0.275
        0.45
       0.325
       0.675
        0.55
         0.5
         0.4
         0.6
         0.5
       0.775
         0.6
         0.4
       0.225
       0.375
        0.15
        0.85
       0.625
       0.475
       0.375
       0.625
       0.525
         0.7
       0.575
       0.425
         0.3
       0.825
       0.625
       0.375
       0.175
         0.4
        0.25
        0.75
         0.6
        0.35
           0
           1
        0.65
        0.35
       0.025
       0.975
        0.65
        0.95
        0.65
        0.35
        0.05
        0.45
        0.35
        0.65
        0.55
       0.925
        0.65
        0.55
       0.475
        0.35
       0.075
       0.525
        0.45
       0.375
         0.2
         0.8
       0.625
         0.5
       0.425
       0.575
         0.5
         0.9
        0.65
        0.35
         0.1
         0.4
       0.275
       0.475
         0.4
         0.6
       0.525
       0.725
         0.6
       0.675
       0.575
       0.425
       0.325
       0.875
        0.65
        0.35
       0.125
       0.375
       0.225
       0.775
       0.625
        0.45
       0.375
       0.625
        0.55
        0.35
        0.15
        0.85
        0.65
         0.7
         0.6
         0.4
         0.3
       0.525
       0.475
         0.5
        0.45
        0.55
         0.5
       0.825
        0.65
       0.375
        0.25
        0.65
       0.575
        0.35
       0.175
       0.425
        0.35
        0.75
       0.625
       0.325
           0
           1
       0.675
       0.325
       0.025
       0.475
       0.425
       0.575
       0.525
       0.975
       0.675
       0.325
        0.05
        0.95
       0.675
       0.325
       0.075
       0.925
       0.675
         0.8
        0.65
        0.35
         0.2
        0.45
         0.4
         0.6
        0.55
         0.4
       0.325
       0.675
         0.6
       0.325
         0.1
         0.9
       0.675
       0.375
       0.275
       0.725
       0.625
       0.425
       0.375
       0.625
       0.575
       0.325
       0.125
       0.875
       0.675
        0.35
       0.225
       0.775
        0.65
         0.5
       0.475
       0.525
         0.5
        0.55
       0.525
       0.325
        0.15
       0.475
        0.45
        0.85
       0.675
       0.375
         0.3
         0.7
       0.625
         0.4
        0.35
        0.65
         0.6
        0.45
       0.425
       0.575
        0.55
        0.75
        0.65
        0.35
        0.25
       0.825
       0.675
       0.325
       0.175
         0.3
           0
           1
         0.7
         0.3
       0.025
       0.975
         0.7
       0.425
         0.4
         0.6
       0.575
         0.3
        0.05
        0.95
         0.7
         0.3
       0.075
       0.925
         0.7
       0.325
         0.2
         0.8
       0.675
       0.375
       0.325
       0.675
       0.625
       0.725
        0.65
        0.35
       0.275
         0.9
         0.7
         0.3
         0.1
         0.5
         0.5
         0.4
       0.375
       0.625
         0.6
       0.475
       0.475
       0.525
       0.525
        0.45
        0.45
        0.55
        0.55
         0.3
       0.125
       0.875
         0.7
       0.325
       0.225
       0.775
       0.675
       0.425
       0.425
       0.575
       0.575
         0.3
        0.15
        0.85
         0.7
        0.35
         0.3
         0.7
        0.65
       0.375
        0.35
        0.65
       0.625
       0.325
        0.25
        0.75
       0.675
         0.4
         0.4
         0.6
         0.6
         0.3
       0.175
       0.825
         0.7
       0.275
           0
           1
       0.725
       0.475
         0.5
         0.5
       0.525
       0.975
       0.725
       0.275
       0.025
       0.675
        0.65
        0.95
       0.725
        0.35
       0.325
       0.275
        0.05
        0.45
       0.475
       0.525
        0.55
         0.8
         0.7
         0.3
         0.2
       0.925
       0.725
       0.275
       0.075
       0.375
       0.375
       0.625
       0.625
       0.325
       0.275
       0.725
       0.675
       0.425
        0.45
        0.55
       0.575
         0.9
       0.725
       0.275
         0.1
         0.3
       0.225
       0.575
         0.6
         0.4
       0.425
       0.775
         0.7
       0.875
       0.725
       0.275
       0.125
        0.65
        0.65
        0.35
        0.35
       0.325
         0.3
         0.7
       0.675
        0.85
       0.725
       0.275
        0.15
       0.375
         0.4
         0.6
       0.625
       0.475
       0.525
         0.3
        0.25
        0.45
         0.5
         0.5
        0.55
        0.75
         0.7
       0.825
       0.725
       0.525
       0.575
       0.425
       0.475
       0.275
       0.175
       0.325
       0.325
       0.675
       0.675
        0.25
           0
           1
        0.75
         0.4
        0.45
        0.55
         0.6
       0.625
        0.65
        0.25
       0.025
        0.35
       0.375
       0.975
        0.75
        0.95
        0.75
        0.25
        0.05
         0.8
       0.725
         0.3
       0.275
       0.275
         0.2
       0.725
         0.7
        0.25
       0.075
       0.925
        0.75
       0.375
       0.425
       0.575
       0.625
         0.9
        0.75
        0.25
         0.1
       0.775
       0.725
       0.275
       0.225
        0.25
       0.125
       0.325
        0.35
        0.45
       0.525
       0.475
        0.55
       0.875
        0.75
        0.65
       0.675
         0.3
         0.3
         0.7
         0.7
       0.425
         0.5
         0.5
       0.575
         0.6
        0.65
        0.35
         0.4
        0.25
        0.15
        0.85
        0.75
         0.4
       0.475
       0.525
         0.6
        0.75
       0.725
       0.275
        0.25
       0.375
        0.45
        0.55
       0.625
        0.25
       0.175
       0.825
        0.75
       0.675
         0.7
         0.3
       0.325
       0.325
       0.375
       0.625
       0.675
       0.225
           0
           1
       0.775
       0.725
       0.725
       0.975
       0.775
       0.275
       0.275
       0.225
       0.025
         0.8
        0.75
        0.25
         0.2
        0.95
       0.775
       0.575
        0.65
       0.225
        0.05
        0.35
       0.425
        0.45
        0.55
       0.925
       0.775
       0.425
       0.525
       0.475
       0.575
       0.225
       0.075
         0.4
         0.5
         0.5
         0.6
         0.9
       0.775
       0.225
         0.1
         0.3
        0.35
        0.65
         0.7
        0.25
       0.225
       0.775
        0.75
         0.7
       0.725
       0.275
         0.3
       0.325
         0.4
         0.6
       0.675
       0.525
       0.625
       0.375
       0.475
       0.875
       0.775
       0.225
       0.125
        0.85
       0.775
       0.225
        0.15
        0.25
        0.25
        0.35
        0.45
        0.75
        0.75
        0.55
        0.65
         0.3
       0.375
       0.625
         0.7
       0.675
       0.725
       0.825
       0.775
       0.275
       0.325
       0.225
       0.175
       0.425
        0.55
        0.45
       0.575
         0.4
       0.525
       0.475
         0.6
       0.325
       0.425
       0.575
       0.675
        0.25
       0.275
       0.725
        0.75
         0.2
           0
           1
         0.8
         0.8
       0.775
       0.225
         0.2
       0.375
         0.5
         0.5
       0.625
         0.2
       0.025
       0.975
         0.8
         0.2
        0.05
        0.95
         0.8
         0.2
       0.075
       0.925
         0.8
       0.525
        0.65
       0.275
        0.35
        0.35
       0.475
        0.65
       0.725
         0.9
         0.8
         0.3
         0.4
         0.2
         0.1
         0.6
         0.7
       0.775
       0.775
       0.225
       0.225
        0.25
         0.3
         0.7
        0.75
         0.2
       0.125
       0.875
         0.8
       0.325
        0.45
        0.55
       0.675
       0.425
       0.575
         0.2
        0.15
         0.4
        0.55
        0.45
         0.6
        0.85
         0.8
        0.75
       0.775
       0.225
        0.25
       0.275
       0.375
       0.375
       0.525
       0.475
       0.625
       0.625
       0.725
        0.25
       0.325
       0.675
        0.75
         0.3
       0.425
       0.575
         0.7
       0.825
         0.8
         0.2
       0.175
         0.5
        0.65
        0.35
         0.5
       0.225
       0.275
       0.725
       0.775
         0.2
         0.2
         0.8
         0.8
       0.175
           0
           1
       0.825
       0.175
       0.025
       0.325
       0.475
       0.525
       0.675
       0.975
       0.825
       0.175
        0.05
        0.95
       0.825
        0.25
        0.35
        0.65
        0.75
       0.275
         0.4
         0.6
       0.725
       0.175
       0.075
       0.925
       0.825
       0.175
         0.1
         0.4
       0.575
       0.425
         0.6
       0.225
         0.3
         0.2
       0.225
       0.775
         0.8
         0.9
       0.825
         0.7
       0.775
        0.55
         0.7
         0.3
        0.45
       0.375
        0.55
        0.45
       0.625
       0.875
       0.825
       0.175
       0.125
       0.475
        0.65
        0.35
       0.525
        0.75
         0.8
         0.2
        0.25
       0.175
        0.15
        0.25
       0.375
       0.625
        0.75
        0.85
       0.825
       0.325
         0.5
         0.5
       0.675
       0.675
       0.775
       0.225
       0.325
       0.275
       0.425
       0.575
       0.725
       0.175
       0.175
       0.825
       0.825
         0.3
       0.475
       0.525
         0.7
         0.2
       0.275
       0.725
         0.8
         0.4
         0.6
       0.175
         0.2
         0.8
       0.825
       0.375
       0.575
       0.425
       0.625
        0.15
           0
           1
        0.85
        0.25
         0.4
         0.6
        0.75
        0.65
       0.775
       0.975
        0.85
        0.15
       0.025
       0.225
        0.35
        0.15
        0.05
        0.95
        0.85
        0.35
        0.55
        0.45
        0.65
        0.55
       0.725
        0.15
       0.075
       0.275
        0.45
       0.925
        0.85
         0.2
         0.3
         0.7
         0.8
       0.175
       0.225
       0.325
       0.525
       0.475
       0.675
       0.775
       0.825
        0.15
         0.1
         0.9
        0.85
        0.15
       0.125
       0.875
        0.85
         0.3
         0.5
         0.5
         0.7
       0.625
       0.775
       0.225
       0.375
       0.175
        0.25
        0.25
       0.425
       0.575
        0.75
        0.75
       0.825
        0.15
        0.15
        0.85
        0.85
         0.2
       0.325
       0.675
         0.8
       0.375
         0.6
         0.4
       0.625
       0.525
       0.725
       0.275
       0.475
        0.15
       0.175
       0.425
        0.65
       0.825
        0.85
        0.35
       0.575
       0.175
       0.275
       0.725
       0.825
       0.325
        0.55
        0.45
       0.675
       0.225
         0.4
         0.6
       0.775
        0.65
         0.8
        0.15
         0.2
         0.8
        0.85
         0.2
        0.35
        0.25
        0.45
        0.55
        0.75
       0.125
           0
           1
       0.875
         0.3
       0.525
       0.475
         0.7
       0.975
       0.875
       0.125
       0.025
        0.95
       0.875
       0.125
        0.05
         0.7
       0.825
       0.175
         0.3
       0.925
       0.875
       0.125
       0.075
        0.15
       0.225
       0.775
        0.85
         0.9
       0.875
       0.125
         0.1
       0.275
         0.5
         0.5
       0.725
         0.2
       0.375
       0.625
         0.8
       0.875
       0.875
       0.125
       0.125
       0.375
       0.625
       0.225
       0.425
       0.575
       0.775
         0.4
        0.65
        0.35
         0.6
        0.15
        0.25
        0.75
        0.85
       0.175
       0.325
       0.425
       0.675
       0.325
       0.575
       0.675
       0.825
        0.85
       0.875
        0.25
       0.475
       0.125
        0.15
       0.525
        0.75
         0.3
        0.55
        0.45
         0.7
       0.825
       0.875
       0.125
       0.175
        0.15
       0.275
       0.725
        0.85
         0.2
         0.4
         0.6
         0.8
       0.475
       0.725
       0.275
       0.525
       0.175
        0.35
        0.55
       0.775
        0.65
       0.825
       0.225
        0.45
         0.8
       0.875
       0.125
         0.2
         0.1
           0
           1
         0.9
         0.1
       0.025
       0.975
         0.9
        0.15
         0.3
        0.25
         0.5
         0.5
        0.75
         0.7
        0.85
         0.1
        0.05
        0.95
         0.9
        0.35
       0.625
       0.375
        0.65
         0.1
       0.075
       0.325
         0.6
         0.4
       0.675
       0.925
         0.9
       0.775
       0.875
       0.125
       0.225
         0.1
         0.1
         0.9
         0.9
         0.3
       0.575
       0.425
         0.7
         0.2
       0.425
       0.575
         0.8
       0.625
       0.825
       0.175
       0.375
       0.875
         0.9
         0.1
       0.125
       0.225
       0.475
       0.525
       0.775
        0.15
       0.325
       0.675
        0.85
        0.75
       0.875
       0.125
        0.25
       0.275
        0.55
        0.45
       0.725
        0.85
         0.9
         0.1
        0.15
        0.25
       0.525
       0.475
        0.75
         0.6
       0.825
       0.175
         0.4
         0.1
       0.175
       0.825
         0.9
       0.725
       0.875
       0.125
       0.275
        0.55
         0.8
         0.2
        0.45
        0.65
        0.85
        0.15
        0.35
        0.35
        0.65
       0.325
       0.625
       0.375
       0.675
         0.8
         0.9
         0.4
         0.7
         0.3
         0.6
         0.1
         0.2
         0.5
       0.775
       0.225
         0.5
       0.075
           0
           1
       0.925
       0.125
         0.3
         0.7
       0.875
       0.275
       0.575
       0.075
       0.025
       0.425
       0.725
       0.975
       0.925
       0.075
        0.05
        0.95
       0.925
         0.1
       0.225
       0.775
         0.9
       0.575
       0.825
       0.075
       0.075
       0.175
       0.425
       0.925
       0.925
        0.15
       0.375
       0.625
        0.85
        0.25
        0.55
        0.45
        0.75
         0.2
       0.475
       0.075
         0.1
       0.525
         0.8
         0.9
       0.925
       0.125
       0.325
       0.675
       0.875
       0.075
       0.125
       0.875
       0.925
        0.75
         0.9
         0.1
        0.25
       0.475
       0.775
       0.225
       0.525
       0.075
        0.15
        0.85
       0.925
       0.325
        0.65
        0.35
       0.675
         0.3
       0.625
       0.375
         0.7
        0.15
         0.4
         0.6
        0.85
        0.55
       0.825
       0.175
        0.45
         0.4
       0.725
       0.275
         0.6
         0.1
       0.275
       0.725
         0.9
       0.825
       0.925
       0.075
       0.175
       0.125
        0.35
        0.65
       0.875
         0.2
         0.5
         0.5
         0.8
        0.25
       0.575
       0.425
        0.75
       0.075
         0.2
         0.8
       0.925
         0.1
         0.3
         0.7
         0.9
        0.05
           0
           1
        0.95
       0.975
        0.95
        0.05
       0.025
        0.15
       0.425
        0.45
       0.775
       0.575
        0.85
       0.225
        0.55
        0.05
        0.05
        0.95
        0.95
       0.175
       0.475
       0.125
       0.375
       0.625
       0.875
       0.075
       0.225
       0.525
       0.825
       0.775
       0.925
        0.05
       0.075
       0.925
        0.95
       0.325
       0.675
        0.05
         0.1
        0.35
         0.7
         0.9
        0.95
         0.3
        0.65
         0.1
       0.325
         0.2
       0.525
       0.475
         0.8
       0.675
         0.9
       0.375
       0.725
       0.275
       0.625
        0.05
       0.125
       0.075
        0.25
        0.75
       0.925
       0.875
        0.95
         0.4
        0.75
        0.25
         0.6
        0.15
        0.45
        0.55
        0.85
        0.05
        0.15
        0.85
        0.95
         0.6
       0.875
       0.125
         0.4
       0.175
         0.5
         0.5
       0.825
       0.225
       0.575
       0.425
       0.775
       0.075
       0.275
       0.725
       0.925
         0.1
        0.35
        0.65
         0.9
        0.05
       0.175
       0.825
        0.95
         0.8
        0.95
        0.05
         0.2
         0.2
        0.55
        0.45
         0.8
         0.3
       0.675
       0.325
         0.7
       0.075
         0.3
         0.7
       0.925
       0.125
       0.425
       0.575
       0.875
        0.15
       0.475
       0.275
        0.65
        0.35
       0.725
       0.525
        0.85
       0.625
         0.9
       0.025
           0
           1
       0.975
         0.1
       0.375
       0.975
       0.975
       0.025
       0.025
        0.05
       0.225
       0.025
        0.05
        0.25
       0.625
       0.375
        0.75
       0.775
        0.95
        0.95
       0.975
       0.925
       0.975
       0.475
       0.825
       0.025
       0.075
       0.175
       0.525
       0.225
         0.6
         0.4
       0.775
       0.025
         0.1
         0.9
       0.975
       0.075
       0.325
       0.675
       0.925
        0.05
        0.25
        0.75
        0.95
       0.875
       0.975
       0.025
       0.125
        0.55
       0.875
       0.125
        0.45
         0.6
         0.9
         0.1
         0.4
         0.2
       0.575
       0.425
         0.8
        0.15
         0.5
         0.5
        0.85
       0.025
        0.15
        0.85
       0.975
        0.05
       0.275
       0.075
        0.35
       0.725
        0.95
        0.65
       0.925
         0.3
         0.7
       0.025
       0.175
       0.275
       0.675
       0.325
       0.725
       0.825
       0.975
       0.175
        0.55
        0.45
       0.825
        0.25
        0.65
        0.35
        0.75
       0.025
         0.2
         0.8
       0.975
         0.1
       0.425
       0.575
         0.9
       0.375
       0.775
       0.525
       0.875
       0.125
       0.475
       0.225
       0.625
        0.05
         0.3
         0.7
        0.95
       0.075
       0.375
       0.625
       0.925
        0.15
       0.525
       0.475
        0.85
           0
           0
           1
           1
         0.2
         0.6
         0.4
         0.8
       0.975
           1
           0
       0.025
       0.775
       0.975
       0.025
       0.225
        0.95
           1
           0
        0.05
       0.925
           1
           0
       0.075
       0.675
        0.95
        0.05
       0.325
         0.9
           1
           0
         0.1
       0.425
       0.825
       0.175
       0.575
         0.1
        0.45
        0.55
         0.9
        0.75
       0.975
       0.025
        0.25
         0.5
       0.875
       0.875
           1
           0
       0.125
       0.125
         0.5
       0.275
         0.7
         0.3
       0.725
         0.6
       0.925
       0.075
         0.4
        0.25
       0.675
       0.325
        0.75
        0.85
           1
           0
        0.15
       0.225
        0.65
        0.35
       0.775
        0.45
        0.85
        0.05
        0.35
        0.15
        0.55
        0.65
        0.95
       0.025
       0.275
       0.725
       0.975
       0.825
           1
           0
       0.175
         0.2
       0.625
       0.375
         0.8
       0.525
         0.9
         0.1
       0.475
       0.075
       0.425
       0.575
       0.925
         0.8
           1
           0
         0.2
       0.025
         0.3
       0.175
         0.6
         0.7
       0.975
         0.4
       0.825
       0.125
       0.525
       0.475
       0.875
        0.05
       0.375
       0.625
        0.95
       0.775
           1
           0
       0.225
       0.275
       0.725
        0.25
         0.7
         0.3
        0.75
        0.15
       0.575
       0.425
        0.85
       0.675
       0.975
       0.025
       0.325
       0.325
       0.775
       0.225
       0.675
       0.075
        0.45
        0.55
       0.925
         0.1
         0.5
         0.5
         0.9
        0.75
           1
           0
        0.25
        0.05
         0.4
         0.6
        0.95
         0.2
        0.65
        0.35
         0.8
        0.45
       0.875
       0.125
        0.55
       0.175
       0.625
       0.375
       0.825
        0.65
       0.975
       0.025
        0.35
       0.725
           1
           0
       0.275
       0.075
       0.475
       0.525
       0.925
        0.15
         0.6
         0.4
        0.85
        0.05
       0.425
       0.575
        0.95
       0.475
         0.9
         0.1
       0.525
       0.275
        0.75
        0.25
       0.725
         0.7
           1
           0
         0.3
       0.225
         0.7
         0.3
       0.775
       0.025
       0.375
       0.625
       0.975
         0.2
       0.675
       0.325
         0.8
       0.125
       0.575
       0.425
       0.875
       0.175
        0.65
        0.35
       0.825
        0.05
        0.45
        0.55
        0.95
       0.675
           1
           0
       0.325
       0.075
         0.5
         0.5
       0.925
       0.025
         0.4
         0.6
       0.975
         0.1
        0.55
        0.45
         0.9
        0.15
       0.625
       0.375
        0.85
        0.65
           1
           0
        0.35
        0.25
        0.75
         0.4
       0.875
       0.125
         0.6
       0.225
       0.725
       0.275
       0.775
        0.05
       0.475
       0.525
        0.95
         0.2
         0.7
         0.3
         0.8
       0.575
       0.975
       0.025
       0.425
       0.075
       0.525
       0.475
       0.925
       0.175
       0.675
       0.325
       0.825
       0.625
           1
           0
       0.375
         0.1
       0.575
       0.425
         0.9
        0.15
        0.65
        0.35
        0.85
        0.05
         0.5
         0.5
        0.95
       0.025
        0.45
        0.55
       0.975
       0.375
       0.875
       0.125
       0.625
       0.075
        0.55
        0.45
       0.925
         0.6
           1
           0
         0.4
       0.225
        0.75
        0.25
       0.775
       0.275
         0.8
         0.2
       0.725
         0.4
         0.9
         0.1
         0.6
       0.175
         0.7
         0.3
       0.825
       0.025
       0.475
       0.525
       0.975
        0.05
       0.525
        0.15
       0.675
       0.325
        0.85
       0.475
        0.95
       0.575
           1
           0
       0.425
       0.425
       0.925
       0.075
       0.575
        0.35
       0.875
       0.125
        0.65
         0.5
       0.975
       0.025
         0.5
         0.1
       0.625
       0.375
         0.9
       0.225
       0.775
        0.55
           1
           0
        0.45
         0.2
        0.75
        0.25
         0.8
        0.05
        0.55
        0.45
        0.95
       0.175
       0.725
       0.275
       0.825
        0.15
         0.7
         0.3
        0.85
         0.4
       0.925
       0.075
         0.6
       0.125
       0.675
       0.325
       0.875
       0.525
           1
           0
       0.475
       0.025
       0.525
       0.475
       0.975
         0.1
        0.65
        0.35
         0.9
        0.05
       0.575
       0.425
        0.95
         0.2
       0.775
       0.225
         0.8
        0.25
       0.825
       0.175
        0.75
       0.075
       0.625
       0.375
       0.925
        0.15
       0.725
       0.275
        0.85
         0.5
           1
           0
         0.5
       0.025
        0.55
        0.45
       0.975
         0.3
       0.875
       0.125
         0.7
        0.05
         0.6
         0.4
        0.95
         0.1
       0.675
       0.325
         0.9
       0.475
           1
           0
       0.525
       0.075
        0.65
        0.35
       0.925
         0.2
         0.8
       0.025
       0.575
       0.175
       0.775
       0.425
       0.975
       0.225
       0.825
        0.25
        0.85
        0.15
        0.75
       0.125
       0.725
       0.275
       0.875
        0.05
       0.625
       0.375
        0.95
         0.3
         0.9
         0.1
         0.7
        0.45
           1
           0
        0.55
       0.025
         0.6
         0.4
       0.975
       0.075
       0.675
       0.325
       0.925
       0.175
         0.8
         0.2
       0.825
        0.15
       0.775
       0.225
        0.85
        0.05
        0.65
        0.35
        0.95
        0.25
       0.875
       0.125
        0.75
       0.425
           1
           0
       0.575
         0.1
       0.725
       0.275
         0.9
       0.025
       0.625
       0.375
       0.975
       0.075
         0.7
         0.3
       0.925
        0.05
       0.675
       0.325
        0.95
         0.4
           1
           0
         0.6
       0.175
       0.825
        0.15
         0.8
         0.2
        0.85
       0.125
       0.775
       0.225
       0.875
         0.1
        0.75
        0.25
         0.9
        0.35
       0.975
       0.025
        0.65
       0.275
       0.925
       0.075
       0.725
       0.375
           1
           0
       0.625
         0.3
        0.95
        0.05
         0.7
       0.175
        0.85
        0.15
       0.825
         0.2
       0.875
       0.125
         0.8
       0.325
       0.975
       0.025
       0.675
         0.1
       0.775
       0.225
         0.9
        0.25
       0.925
       0.075
        0.75
        0.35
           1
           0
        0.65
        0.05
       0.725
       0.275
        0.95
       0.025
         0.7
         0.3
       0.975
        0.15
        0.85
       0.175
       0.875
       0.125
       0.825
         0.2
         0.9
         0.1
         0.8
       0.325
           1
           0
       0.675
       0.075
       0.775
       0.225
       0.925
        0.05
        0.75
        0.25
        0.95
       0.275
       0.975
       0.025
       0.725
       0.125
        0.85
        0.15
       0.875
         0.3
           1
           0
         0.7
         0.1
       0.825
       0.175
         0.9
         0.2
       0.925
       0.075
         0.8
       0.225
        0.95
        0.05
       0.775
       0.025
        0.75
        0.25
       0.975
       0.275
           1
           0
       0.725
       0.125
       0.875
         0.1
        0.85
        0.15
         0.9
       0.175
       0.925
       0.075
       0.825
         0.2
        0.95
        0.05
         0.8
       0.025
       0.775
       0.225
       0.975
        0.25
           1
           0
        0.75
       0.125
         0.9
         0.1
       0.875
       0.075
        0.85
        0.15
       0.925
        0.05
       0.825
       0.175
        0.95
       0.025
         0.8
         0.2
       0.975
       0.225
           1
           0
       0.775
         0.1
         0.9
       0.125
       0.925
       0.075
       0.875
        0.05
        0.85
        0.15
        0.95
       0.025
       0.825
       0.175
       0.975
         0.2
           1
           0
         0.8
       0.075
         0.9
         0.1
       0.925
        0.05
       0.875
       0.125
        0.95
       0.025
        0.85
        0.15
       0.975
       0.175
           1
           0
       0.825
       0.075
       0.925
        0.05
         0.9
         0.1
        0.95
       0.025
       0.875
       0.125
       0.975
        0.15
           1
           0
        0.85
       0.075
        0.95
        0.05
       0.925
         0.1
       0.975
       0.025
         0.9
       0.125
           1
           0
       0.875
        0.05
        0.95
       0.025
       0.925
       0.075
       0.975
         0.1
           1
           0
         0.9
       0.025
        0.95
        0.05
       0.975
       0.075
           1
           0
       0.925
       0.025
       0.975
        0.05
           1
           0
        0.95
       0.025
           1
           0
       0.975
           0
           1
1600
4
1232 1236 1299 1294
1166 1169 1236 1232
1108 1113 1169 1166
1049 1051 1113 1108
996 1001 1051 1049
938 944 1001 996
885 887 944 938
834 840 887 885
781 786 840 834
733 738 786 781
684 689 738 733
641 643 689 684
599 601 643 641
556 558 601 599
512 517 558 556
472 474 517 512
436 441 474 472
401 403 441 436
364 366 403 401
332 336 366 364
301 303 336 332
270 272 303 301
243 246 272 270
215 217 246 243
190 194 217 215
167 170 194 190
143 147 170 167
123 127 147 143
105 108 127 123
88 91 108 105
72 75 91 88
57 59 75 72
45 46 59 57
35 37 46 45
25 28 37 35
16 19 28 25
10 12 19 16
6 7 12 10
3 4 7 6
1 2 4 3
1236 1238 1303 1299
1169 1174 1238 1236
1113 1116 1174 1169
1051 1057 1116 1113
1001 1003 1057 1051
944 946 1003 1001
887 891 946 944
840 842 891 887
786 791 842 840
738 742 791 786
689 693 742 738
643 647 693 689
601 605 647 643
558 561 605 601
517 522 561 558
474 479 522 517
441 444 479 474
403 407 444 441
366 371 407 403
336 338 371 366
303 306 338 336
272 278 306 303
246 250 278 272
217 220 250 246
194 196 220 217
170 173 196 194
147 151 173 170
127 131 151 147
108 112 131 127
91 94 112 108
75 79 94 91
59 63 79 75
46 51 63 59
37 39 51 46
28 30 39 37
19 21 30 28
12 14 21 19
7 9 14 12
4 8 9 7
2 5 8 4
1238 1245 1305 1303
1174 1182 1245 1238
1116 1121 1182 1174
1057 1061 1121 1116
1003 1007 1061 1057
946 951 1007 1003
891 897 951 946
842 844 897 891
791 797 844 842
742 747 797 791
693 699 747 742
647 649 699 693
605 607 649 647
561 566 607 605
522 525 566 561
479 488 525 522
444 447 488 479
407 413 447 444
371 376 413 407
338 342 376 371
306 311 342 338
278 280 311 306
250 254 280 278
220 225 254 250
196 203 225 220
173 179 203 196
151 153 179 173
131 135 153 151
112 117 135 131
94 97 117 112
79 83 97 94
63 66 83 79
51 53 66 63
39 43 53 51
30 33 43 39
21 23 33 30
14 20 23 21
9 15 20 14
8 13 15 9
5 11 13 8
1245 1249 1309 1305
1182 1185 1249 1245
1121 1129 1185 1182
1061 1067 1129 1121
1007 1011 1067 1061
951 960 1011 1007
897 899 960 951
844 852 899 897
797 801 852 844
747 752 801 797
699 707 752 747
649 658 707 699
607 615 658 649
566 573 615 607
525 532 573 566
488 491 532 525
447 453 491 488
413 418 453 447
376 381 418 413
342 348 381 376
311 317 348 342
280 287 317 311
254 257 287 280
225 232 257 254
203 205 232 225
179 183 205 203
153 160 183 179
135 138 160 153
117 121 138 135
97 101 121 117
83 85 101 97
66 70 85 83
53 60 70 66
43 49 60 53
33 41 49 43
23 31 41 33
20 24 31 23
15 22 24 20
13 18 22 15
11 17 18 13
1249 1256 1318 1309
1185 1195 1256 1249
1129 1134 1195 1185
1067 1076 1134 1129
1011 1017 1076 1067
960 962 1017 1011
899 912 962 960
852 858 912 899
801 813 858 852
752 755 813 801
707 713 755 752
658 666 713 707
615 621 666 658
573 581 621 615
532 535 581 573
491 497 535 532
453 461 497 491
418 423 461 453
381 389 423 418
348 354 389 381
317 321 354 348
287 293 321 317
257 264 293 287
232 237 264 257
205 212 237 232
183 187 212 205
160 165 187 183
138 146 165 160
121 129 146 138
101 109 129 121
85 96 109 101
70 80 96 85
60 68 80 70
49 56 68 60
41 48 56 49
31 40 48 41
24 32 40 31
22 29 32 24
18 27 29 22
17 26 27 18
1256 1265 1327 1318
1195 1203 1265 1256
1134 1140 1203 1195
1076 1086 1140 1134
1017 1031 1086 1076
962 972 1031 1017
912 917 972 962
858 863 917 912
813 815 863 858
755 767 815 813
713 719 767 755
666 672 719 713
621 628 672 666
581 586 628 621
535 546 586 581
497 506 546 535
461 468 506 497
423 430 468 461
389 394 430 423
354 362 394 389
321 330 362 354
293 299 330 321
264 275 299 293
237 249 275 264
212 224 249 237
187 199 224 212
165 176 199 187
146 156 176 165
129 137 156 146
109 118 137 129
96 104 118 109
80 87 104 96
68 76 87 80
56 65 76 68
48 55 65 56
40 50 55 48
32 42 50 40
29 38 42 32
27 36 38 29
26 34 36 27
1265 1272 1337 1327
1203 1215 1272 1265
1140 1155 1215 1203
1086 1091 1155 1140
1031 1036 1091 1086
972 980 1036 1031
917 927 980 972
863 878 927 917
815 825 878 863
767 775 825 815
719 730 775 767
672 682 730 719
628 640 682 672
586 596 640 628
546 553 596 586
506 514 553 546
468 476 514 506
430 445 476 468
394 410 445 430
362 375 410 394
330 345 375 362
299 315 345 330
275 286 315 299
249 258 286 275
224 233 258 249
199 210 233 224
176 185 210 199
156 164 185 176
137 150 164 156
118 133 150 137
104 114 133 118
87 100 114 104
76 86 100 87
65 78 86 76
55 69 78 65
50 61 69 55
42 54 61 50
38 52 54 42
36 47 52 38
34 44 47 36
1272 1280 1345 1337
1215 1218 1280 1272
1155 1162 1218 1215
1091 1105 1162 1155
1036 1048 1105 1091
980 991 1048 1036
927 934 991 980
878 883 934 927
825 837 883 878
775 788 837 825
730 745 788 775
682 697 745 730
640 651 697 682
596 610 651 640
553 568 610 596
514 529 568 553
476 494 529 514
445 456 494 476
410 419 456 445
375 387 419 410
345 355 387 375
315 323 355 345
286 296 323 315
258 268 296 286
233 241 268 258
210 221 241 233
185 200 221 210
164 181 200 185
150 162 181 164
133 142 162 150
114 126 142 133
100 113 126 114
86 99 113 100
78 90 99 86
69 81 90 78
61 71 81 69
54 67 71 61
52 64 67 54
47 62 64 52
44 58 62 47
1280 1301 1355 1345
1218 1237 1301 1280
1162 1179 1237 1218
1105 1118 1179 1162
1048 1066 1118 1105
991 1008 1066 1048
934 956 1008 991
883 903 956 934
837 855 903 883
788 804 855 837
745 754 804 788
697 708 754 745
651 668 708 697
610 623 668 651
568 582 623 610
529 545 582 568
494 502 545 529
456 467 502 494
419 434 467 456
387 395 434 419
355 367 395 387
323 340 367 355
296 313 340 323
268 283 313 296
241 260 283 268
221 235 260 241
200 211 235 221
181 192 211 200
162 174 192 181
142 157 174 162
126 140 157 142
113 125 140 126
99 115 125 113
90 103 115 99
81 95 103 90
71 84 95 81
67 82 84 71
64 77 82 67
62 74 77 64
58 73 74 62
1301 1315 1370 1355
1237 1253 1315 1301
1179 1196 1253 1237
1118 1137 1196 1179
1066 1082 1137 1118
1008 1023 1082 1066
956 968 1023 1008
903 916 968 956
855 868 916 903
804 816 868 855
754 772 816 804
708 723 772 754
668 678 723 708
623 638 678 668
582 594 638 623
545 554 594 582
502 524 554 545
467 483 524 502
434 448 483 467
395 415 448 434
367 385 415 395
340 352 385 367
313 326 352 340
283 298 326 313
260 273 298 283
235 253 273 260
211 229 253 235
192 208 229 211
174 188 208 192
157 172 188 174
140 158 172 157
125 141 158 140
115 132 141 125
103 119 132 115
95 111 119 103
84 102 111 95
82 98 102 84
77 93 98 82
74 92 93 77
73 89 92 74
1315 1334 1382 1370
1253 1267 1334 1315
1196 1211 1267 1253
1137 1152 1211 1196
1082 1094 1152 1137
1023 1037 1094 1082
968 984 1037 1023
916 931 984 968
868 881 931 916
816 832 881 868
772 785 832 816
723 744 785 772
678 702 744 723
638 656 702 678
594 617 656 638
554 574 617 594
524 539 574 554
483 499 539 524
448 464 499 483
415 432 464 448
385 399 432 415
352 370 399 385
326 346 370 352
298 319 346 326
273 291 319 298
253 267 291 273
229 244 267 253
208 226 244 229
188 206 226 208
172 186 206 188
158 175 186 172
141 161 175 158
132 149 161 141
119 136 149 132
111 128 136 119
102 120 128 111
98 116 120 102
93 110 116 98
92 107 110 93
89 106 107 92
1334 1346 1394 1382
1267 1288 1346 1334
1211 1223 1288 1267
1152 1164 1223 1211
1094 1110 1164 1152
1037 1053 1110 1094
984 1005 1053 1037
931 954 1005 984
881 902 954 931
832 856 902 881
785 807 856 832
744 761 807 785
702 716 761 744
656 674 716 702
617 631 674 656
574 589 631 617
539 551 589 574
499 519 551 539
464 485 519 499
432 450 485 464
399 421 450 432
370 391 421 399
346 360 391 370
319 334 360 346
291 309 334 319
267 289 309 291
244 262 289 267
226 239 262 244
206 227 239 226
186 207 227 206
175 193 207 186
161 180 193 175
149 163 180 161
136 155 163 149
128 145 155 136
120 139 145 128
116 134 139 120
110 130 134 116
107 124 130 110
106 122 124 107
1346 1362 1408 1394
1288 1307 1362 1346
1223 1251 1307 1288
1164 1189 1251 1223
1110 1132 1189 1164
1053 1079 1132 1110
1005 1025 1079 1053
954 974 1025 1005
902 924 974 954
856 873 924 902
807 824 873 856
761 778 824 807
716 731 778 761
674 692 731 716
631 653 692 674
589 613 653 631
551 579 613 589
519 540 579 551
485 503 540 519
450 470 503 485
421 438 470 450
391 411 438 421
360 383 411 391
334 356 383 360
309 328 356 334
289 308 328 309
262 284 308 289
239 263 284 262
227 247 263 239
207 230 247 227
193 214 230 207
180 201 214 193
163 184 201 180
155 178 184 163
145 166 178 155
139 159 166 145
134 154 159 139
130 152 154 134
124 148 152 130
122 144 148 124
1362 1380 1418 1408
1307 1331 1380 1362
1251 1268 1331 1307
1189 1213 1268 1251
1132 1156 1213 1189
1079 1098 1156 1132
1025 1043 1098 1079
974 993 1043 1025
924 945 993 974
873 893 945 924
824 847 893 873
778 802 847 824
731 756 802 778
692 715 756 731
653 676 715 692
613 633 676 653
579 597 633 613
540 562 597 579
503 527 562 540
470 495 527 503
438 462 495 470
411 428 462 438
383 404 428 411
356 380 404 383
328 350 380 356
308 327 350 328
284 305 327 308
263 288 305 284
247 266 288 263
230 252 266 247
214 236 252 230
201 219 236 214
184 209 219 201
178 198 209 184
166 189 198 178
159 182 189 166
154 177 182 159
152 171 177 154
148 169 171 152
144 168 169 148
1380 1397 1435 1418
1331 1352 1397 1380
1268 1290 1352 1331
1213 1234 1290 1268
1156 1177 1234 1213
1098 1124 1177 1156
1043 1074 1124 1098
993 1014 1074 1043
945 967 1014 993
893 918 967 945
847 869 918 893
802 820 869 847
756 779 820 802
715 739 779 756
676 700 739 715
633 660 700 676
597 619 660 633
562 584 619 597
527 548 584 562
495 515 548 527
462 489 515 495
428 458 489 462
404 426 458 428
380 396 426 404
350 377 396 380
327 351 377 350
305 329 351 327
288 310 329 305
266 292 310 288
252 274 292 266
236 261 274 252
219 242 261 236
209 234 242 219
198 223 234 209
189 213 223 198
182 204 213 189
177 202 204 182
171 197 202 177
169 195 197 171
168 191 195 169
1397 1411 1449 1435
1352 1371 1411 1397
1290 1323 1371 1352
1234 1260 1323 1290
1177 1206 1260 1234
1124 1146 1206 1177
1074 1090 1146 1124
1014 1039 1090 1074
967 988 1039 1014
918 940 988 967
869 895 940 918
820 851 895 869
779 808 851 820
739 766 808 779
700 720 766 739
660 680 720 700
619 645 680 660
584 611 645 619
548 575 611 584
515 542 575 548
489 509 542 515
458 480 509 489
426 454 480 458
396 425 454 426
377 397 425 396
351 379 397 377
329 357 379 351
310 335 357 329
292 320 335 310
274 297 320 292
261 282 297 274
242 269 282 261
234 256 269 242
223 248 256 234
213 238 248 223
204 231 238 213
202 228 231 204
197 222 228 202
195 218 222 197
191 216 218 195
1411 1429 1465 1449
1371 1387 1429 1411
1323 1342 1387 1371
1260 1282 1342 1323
1206 1225 1282 1260
1146 1170 1225 1206
1090 1122 1170 1146
1039 1071 1122 1090
988 1019 1071 1039
940 969 1019 988
895 925 969 940
851 875 925 895
808 830 875 851
766 792 830 808
720 749 792 766
680 710 749 720
645 670 710 680
611 635 670 645
575 602 635 611
542 570 602 575
509 536 570 542
480 507 536 509
454 477 507 480
425 455 477 454
397 427 455 425
379 405 427 397
357 384 405 379
335 361 384 357
320 347 361 335
297 325 347 320
282 314 325 297
269 295 314 282
256 285 295 269
248 276 285 256
238 265 276 248
231 259 265 238
228 255 259 231
222 251 255 228
218 245 251 222
216 240 245 218
1429 1442 1476 1465
1387 1405 1442 1429
1342 1365 1405 1387
1282 1312 1365 1342
1225 1258 1312 1282
1170 1201 1258 1225
1122 1149 1201 1170
1071 1096 1149 1122
1019 1046 1096 1071
969 994 1046 1019
925 952 994 969
875 908 952 925
830 860 908 875
792 817 860 830
749 773 817 792
710 735 773 749
670 704 735 710
635 664 704 670
602 629 664 635
570 591 629 602
536 567 591 570
507 533 567 536
477 508 533 507
455 482 508 477
427 459 482 455
405 429 459 427
384 412 429 405
361 392 412 384
347 372 392 361
325 353 372 347
314 341 353 325
295 324 341 314
285 316 324 295
276 300 316 285
265 294 300 276
259 290 294 265
255 281 290 259
251 279 281 255
245 277 279 251
240 271 277 245
1442 1458 1490 1476
1405 1424 1458 1442
1365 1383 1424 1405
1312 1341 1383 1365
1258 1286 1341 1312
1201 1227 1286 1258
1149 1176 1227 1201
1096 1128 1176 1149
1046 1077 1128 1096
994 1030 1077 1046
952 979 1030 994
908 929 979 952
860 888 929 908
817 848 888 860
773 811 848 817
735 769 811 773
704 729 769 735
664 694 729 704
629 662 694 664
591 625 662 629
567 590 625 591
533 565 590 567
508 537 565 533
482 510 537 508
459 490 510 482
429 463 490 459
412 439 463 429
392 422 439 412
372 400 422 392
353 386 400 372
341 368 386 353
324 358 368 341
316 344 358 324
300 331 344 316
294 322 331 300
290 318 322 294
281 312 318 290
279 307 312 281
277 304 307 279
271 302 304 277
1458 1471 1506 1490
1424 1440 1471 1458
1383 1409 1440 1424
1341 1367 1409 1383
1286 1319 1367 1341
1227 1263 1319 1286
1176 1207 1263 1227
1128 1158 1207 1176
1077 1107 1158 1128
1030 1054 1107 1077
979 1012 1054 1030
929 964 1012 979
888 921 964 929
848 880 921 888
811 838 880 848
769 798 838 811
729 763 798 769
694 724 763 729
662 686 724 694
625 659 686 662
590 626 659 625
565 592 626 590
537 571 592 565
510 543 571 537
490 516 543 510
463 496 516 490
439 471 496 463
422 451 471 439
400 433 451 422
386 416 433 400
368 398 416 386
358 388 398 368
344 374 388 358
331 363 374 344
322 359 363 331
318 349 359 322
312 343 349 318
307 339 343 312
304 337 339 307
302 333 337 304
1471 1491 1516 1506
1440 1460 1491 1471
1409 1430 1460 1440
1367 1390 1430 1409
1319 1350 1390 1367
1263 1292 1350 1319
1207 1246 1292 1263
1158 1190 1246 1207
1107 1139 1190 1158
1054 1087 1139 1107
1012 1042 1087 1054
964 998 1042 1012
921 957 998 964
880 914 957 921
838 870 914 880
798 828 870 838
763 795 828 798
724 757 795 763
686 722 757 724
659 687 722 686
626 663 687 659
592 627 663 626
571 603 627 592
543 576 603 571
516 549 576 543
496 528 549 516
471 504 528 496
451 487 504 471
433 465 487 451
416 449 465 433
398 435 449 416
388 420 435 398
374 409 420 388
363 393 409 374
359 390 393 363
349 382 390 359
343 378 382 349
339 373 378 343
337 369 373 339
333 365 369 337
1491 1507 1533 1516
1460 1479 1507 1491
1430 1446 1479 1460
1390 1413 1446 1430
1350 1376 1413 1390
1292 1332 1376 1350
1246 1276 1332 1292
1190 1219 1276 1246
1139 1173 1219 1190
1087 1126 1173 1139
1042 1083 1126 1087
998 1033 1083 1042
957 986 1033 998
914 948 986 957
870 909 948 914
828 864 909 870
795 826 864 828
757 793 826 795
722 758 793 757
687 725 758 722
663 695 725 687
627 665 695 663
603 636 665 627
576 612 636 603
549 585 612 576
528 563 585 549
504 541 563 528
487 520 541 504
465 500 520 487
449 484 500 465
435 469 484 449
420 457 469 435
409 443 457 420
393 431 443 409
390 424 431 393
382 417 424 390
378 414 417 382
373 408 414 378
369 406 408 373
365 402 406 369
1507 1520 1547 1533
1479 1495 1520 1507
1446 1467 1495 1479
1413 1436 1467 1446
1376 1401 1436 1413
1332 1359 1401 1376
1276 1311 1359 1332
1219 1261 1311 1276
1173 1209 1261 1219
1126 1160 1209 1173
1083 1112 1160 1126
1033 1069 1112 1083
986 1027 1069 1033
948 983 1027 986
909 936 983 948
864 900 936 909
826 862 900 864
793 827 862 826
758 796 827 793
725 764 796 758
695 728 764 725
665 705 728 695
636 671 705 665
612 646 671 636
585 620 646 612
563 595 620 585
541 578 595 563
520 550 578 541
500 534 550 520
484 521 534 500
469 501 521 484
457 493 501 469
443 478 493 457
431 466 478 443
424 460 466 431
417 452 460 424
414 446 452 417
408 442 446 414
406 440 442 408
402 437 440 406
1520 1534 1557 1547
1495 1511 1534 1520
1467 1486 1511 1495
1436 1455 1486 1467
1401 1421 1455 1436
1359 1385 1421 1401
1311 1347 1385 1359
1261 1296 1347 1311
1209 1247 1296 1261
1160 1200 1247 1209
1112 1151 1200 1160
1069 1104 1151 1112
1027 1062 1104 1069
983 1022 1062 1027
936 976 1022 983
900 933 976 936
862 901 933 900
827 865 901 862
796 829 865 827
764 799 829 796
728 770 799 764
705 736 770 728
671 709 736 705
646 681 709 671
620 661 681 646
595 634 661 620
578 614 634 595
550 588 614 578
534 577 588 550
521 555 577 534
501 544 555 521
493 530 544 501
478 511 530 493
466 505 511 478
460 498 505 466
452 492 498 460
446 486 492 452
442 481 486 446
440 475 481 442
437 473 475 440
1534 1550 1570 1557
1511 1528 1550 1534
1486 1501 1528 1511
1455 1472 1501 1486
1421 1445 1472 1455
1385 1415 1445 1421
1347 1377 1415 1385
1296 1338 1377 1347
1247 1287 1338 1296
1200 1239 1287 1247
1151 1194 1239 1200
1104 1144 1194 1151
1062 1100 1144 1104
1022 1059 1100 1062
976 1018 1059 1022
933 977 1018 976
901 937 977 933
865 910 937 901
829 871 910 865
799 839 871 829
770 810 839 799
736 774 810 770
709 750 774 736
681 721 750 709
661 701 721 681
634 677 701 661
614 654 677 634
588 632 654 614
577 618 632 588
555 598 618 577
544 583 598 555
530 569 583 544
511 552 569 530
505 547 552 511
498 538 547 505
492 531 538 498
486 526 531 492
481 523 526 486
475 518 523 481
473 513 518 475
1550 1566 1584 1570
1528 1542 1566 1550
1501 1517 1542 1528
1472 1493 1517 1501
1445 1469 1493 1472
1415 1438 1469 1445
1377 1403 1438 1415
1338 1373 1403 1377
1287 1328 1373 1338
1239 1278 1328 1287
1194 1228 1278 1239
1144 1188 1228 1194
1100 1142 1188 1144
1059 1099 1142 1100
1018 1060 1099 1059
977 1021 1060 1018
937 981 1021 977
910 949 981 937
871 913 949 910
839 879 913 871
810 846 879 839
774 819 846 810
750 790 819 774
721 765 790 750
701 737 765 721
677 714 737 701
654 690 714 677
632 675 690 654
618 655 675 632
598 637 655 618
583 624 637 598
569 609 624 583
552 593 609 569
547 587 593 552
538 580 587 547
531 572 580 538
526 564 572 531
523 560 564 526
518 559 560 523
513 557 559 518
1566 1578 1595 1584
1542 1554 1578 1566
1517 1536 1554 1542
1493 1513 1536 1517
1469 1487 1513 1493
1438 1461 1487 1469
1403 1432 1461 1438
1373 1399 1432 1403
1328 1364 1399 1373
1278 1324 1364 1328
1228 1273 1324 1278
1188 1221 1273 1228
1142 1184 1221 1188
1099 1143 1184 1142
1060 1101 1143 1099
1021 1063 1101 1060
981 1026 1063 1021
949 987 1026 981
913 958 987 949
879 922 958 913
846 889 922 879
819 861 889 846
790 831 861 819
765 809 831 790
737 780 809 765
714 760 780 737
690 732 760 714
675 717 732 690
655 703 717 675
637 679 703 655
624 669 679 637
609 652 669 624
593 639 652 609
587 630 639 593
580 622 630 587
572 616 622 580
564 608 616 572
560 606 608 564
559 604 606 560
557 600 604 559
1578 1587 1605 1595
1554 1572 1587 1578
1536 1552 1572 1554
1513 1531 1552 1536
1487 1510 1531 1513
1461 1483 1510 1487
1432 1456 1483 1461
1399 1426 1456 1432
1364 1395 1426 1399
1324 1357 1395 1364
1273 1320 1357 1324
1221 1271 1320 1273
1184 1222 1271 1221
1143 1186 1222 1184
1101 1145 1186 1143
1063 1103 1145 1101
1026 1070 1103 1063
987 1034 1070 1026
958 999 1034 987
922 965 999 958
889 930 965 922
861 907 930 889
831 876 907 861
809 853 876 831
780 821 853 809
760 803 821 780
732 777 803 760
717 762 777 732
703 746 762 717
679 726 746 703
669 711 726 679
652 696 711 669
639 683 696 652
630 673 683 639
622 667 673 630
616 657 667 622
608 650 657 616
606 648 650 608
604 644 648 606
600 642 644 604
1587 1601 1615 1605
1572 1585 1601 1587
1552 1568 1585 1572
1531 1548 1568 1552
1510 1526 1548 1531
1483 1503 1526 1510
1456 1481 1503 1483
1426 1453 1481 1456
1395 1422 1453 1426
1357 1392 1422 1395
1320 1356 1392 1357
1271 1321 1356 1320
1222 1274 1321 1271
1186 1229 1274 1222
1145 1193 1229 1186
1103 1150 1193 1145
1070 1114 1150 1103
1034 1084 1114 1070
999 1041 1084 1034
965 1013 1041 999
930 978 1013 965
907 950 978 930
876 926 950 907
853 896 926 876
821 872 896 853
803 849 872 821
777 822 849 803
762 806 822 777
746 783 806 762
726 771 783 746
711 753 771 726
696 743 753 711
683 727 743 696
673 718 727 683
667 712 718 673
657 706 712 667
650 698 706 657
648 691 698 650
644 688 691 648
642 685 688 644
1601 1612 1626 1615
1585 1598 1612 1601
1568 1582 1598 1585
1548 1563 1582 1568
1526 1545 1563 1548
1503 1525 1545 1526
1481 1500 1525 1503
1453 1477 1500 1481
1422 1450 1477 1453
1392 1419 1450 1422
1356 1391 1419 1392
1321 1358 1391 1356
1274 1325 1358 1321
1229 1279 1325 1274
1193 1240 1279 1229
1150 1199 1240 1193
1114 1161 1199 1150
1084 1127 1161 1114
1041 1088 1127 1084
1013 1055 1088 1041
978 1032 1055 1013
950 995 1032 978
926 970 995 950
896 941 970 926
872 919 941 896
849 894 919 872
822 874 894 849
806 857 874 822
783 833 857 806
771 818 833 783
753 805 818 771
743 787 805 753
727 776 787 743
718 768 776 727
712 759 768 718
706 751 759 712
698 748 751 706
691 741 748 698
688 740 741 691
685 734 740 688
1612 1623 1636 1626
1598 1611 1623 1612
1582 1596 1611 1598
1563 1579 1596 1582
1545 1561 1579 1563
1525 1540 1561 1545
1500 1521 1540 1525
1477 1497 1521 1500
1450 1474 1497 1477
1419 1451 1474 1450
1391 1423 1451 1419
1358 1396 1423 1391
1325 1363 1396 1358
1279 1329 1363 1325
1240 1284 1329 1279
1199 1248 1284 1240
1161 1210 1248 1199
1127 1171 1210 1161
1088 1138 1171 1127
1055 1106 1138 1088
1032 1078 1106 1055
995 1044 1078 1032
970 1020 1044 995
941 989 1020 970
919 966 989 941
894 942 966 919
874 923 942 894
857 906 923 874
833 882 906 857
818 867 882 833
805 854 867 818
787 836 854 805
776 823 836 787
768 814 823 776
759 812 814 768
751 800 812 759
748 794 800 751
741 789 794 748
740 784 789 741
734 782 784 740
1623 1633 1645 1636
1611 1622 1633 1623
1596 1609 1622 1611
1579 1593 1609 1596
1561 1576 1593 1579
1540 1559 1576 1561
1521 1538 1559 1540
1497 1519 1538 1521
1474 1498 1519 1497
1451 1478 1498 1474
1423 1452 1478 1451
1396 1427 1452 1423
1363 1400 1427 1396
1329 1374 1400 1363
1284 1339 1374 1329
1248 1297 1339 1284
1210 1262 1297 1248
1171 1220 1262 1210
1138 1191 1220 1171
1106 1159 1191 1138
1078 1130 1159 1106
1044 1095 1130 1078
1020 1072 1095 1044
989 1040 1072 1020
966 1015 1040 989
942 990 1015 966
923 975 990 942
906 955 975 923
882 932 955 906
867 915 932 882
854 904 915 867
836 884 904 854
823 877 884 836
814 866 877 823
812 859 866 814
800 850 859 812
794 845 850 800
789 843 845 794
784 841 843 789
782 835 841 784
1633 1642 1653 1645
1622 1631 1642 1633
1609 1620 1631 1622
1593 1606 1620 1609
1576 1591 1606 1593
1559 1574 1591 1576
1538 1558 1574 1559
1519 1539 1558 1538
1498 1523 1539 1519
1478 1499 1523 1498
1452 1482 1499 1478
1427 1457 1482 1452
1400 1433 1457 1427
1374 1404 1433 1400
1339 1378 1404 1374
1297 1349 1378 1339
1262 1310 1349 1297
1220 1277 1310 1262
1191 1244 1277 1220
1159 1208 1244 1191
1130 1180 1208 1159
1095 1148 1180 1130
1072 1120 1148 1095
1040 1089 1120 1072
1015 1073 1089 1040
990 1045 1073 1015
975 1028 1045 990
955 1004 1028 975
932 985 1004 955
915 971 985 932
904 959 971 915
884 935 959 904
877 928 935 884
866 920 928 877
859 911 920 866
850 905 911 859
845 898 905 850
843 892 898 845
841 890 892 843
835 886 890 841
1642 1650 1660 1653
1631 1640 1650 1642
1620 1629 1640 1631
1606 1617 1629 1620
1591 1602 1617 1606
1574 1589 1602 1591
1558 1573 1589 1574
1539 1560 1573 1558
1523 1541 1560 1539
1499 1524 1541 1523
1482 1504 1524 1499
1457 1484 1504 1482
1433 1462 1484 1457
1404 1439 1462 1433
1378 1416 1439 1404
1349 1386 1416 1378
1310 1360 1386 1349
1277 1330 1360 1310
1244 1293 1330 1277
1208 1264 1293 1244
1180 1230 1264 1208
1148 1202 1230 1180
1120 1172 1202 1148
1089 1147 1172 1120
1073 1125 1147 1089
1045 1097 1125 1073
1028 1080 1097 1045
1004 1056 1080 1028
985 1038 1056 1004
971 1024 1038 985
959 1009 1024 971
935 992 1009 959
928 982 992 935
920 973 982 928
911 963 973 920
905 961 963 911
898 953 961 905
892 947 953 898
890 943 947 892
886 939 943 890
1650 1657 1666 1660
1640 1648 1657 1650
1629 1639 1648 1640
1617 1628 1639 1629
1602 1616 1628 1617
1589 1603 1616 1602
1573 1590 1603 1589
1560 1575 1590 1573
1541 1562 1575 1560
1524 1544 1562 1541
1504 1527 1544 1524
1484 1509 1527 1504
1462 1488 1509 1484
1439 1468 1488 1462
1416 1444 1468 1439
1386 1420 1444 1416
1360 1402 1420 1386
1330 1375 1402 1360
1293 1351 1375 1330
1264 1316 1351 1293
1230 1285 1316 1264
1202 1257 1285 1230
1172 1226 1257 1202
1147 1205 1226 1172
1125 1178 1205 1147
1097 1157 1178 1125
1080 1133 1157 1097
1056 1111 1133 1080
1038 1093 1111 1056
1024 1081 1093 1038
1009 1065 1081 1024
992 1047 1065 1009
982 1035 1047 992
973 1029 1035 982
963 1016 1029 973
961 1010 1016 963
953 1006 1010 961
947 1002 1006 953
943 1000 1002 947
939 997 1000 943
1657 1664 1671 1666
1648 1655 1664 1657
1639 1646 1655 1648
1628 1637 1646 1639
1616 1627 1637 1628
1603 1618 1627 1616
1590 1607 1618 1603
1575 1592 1607 1590
1562 1580 1592 1575
1544 1564 1580 1562
1527 1549 1564 1544
1509 1530 1549 1527
1488 1514 1530 1509
1468 1494 1514 1488
1444 1473 1494 1468
1420 1454 1473 1444
1402 1437 1454 1420
1375 1414 1437 1402
1351 1389 1414 1375
1316 1368 1389 1351
1285 1340 1368 1316
1257 1313 1340 1285
1226 1283 1313 1257
1205 1259 1283 1226
1178 1231 1259 1205
1157 1214 1231 1178
1133 1192 1214 1157
1111 1165 1192 1133
1093 1153 1165 1111
1081 1136 1153 1093
1065 1119 1136 1081
1047 1102 1119 1065
1035 1092 1102 1047
1029 1085 1092 1035
1016 1075 1085 1029
1010 1068 1075 1016
1006 1064 1068 1010
1002 1058 1064 1006
1000 1052 1058 1002
997 1050 1052 1000
1664 1668 1675 1671
1655 1662 1668 1664
1646 1654 1662 1655
1637 1647 1654 1646
1627 1638 1647 1637
1618 1630 1638 1627
1607 1619 1630 1618
1592 1608 1619 1607
1580 1597 1608 1592
1564 1581 1597 1580
1549 1567 1581 1564
1530 1553 1567 1549
1514 1537 1553 1530
1494 1518 1537 1514
1473 1502 1518 1494
1454 1485 1502 1473
1437 1466 1485 1454
1414 1447 1466 1437
1389 1431 1447 1414
1368 1410 1431 1389
1340 1384 1410 1368
1313 1366 1384 1340
1283 1343 1366 1313
1259 1322 1343 1283
1231 1291 1322 1259
1214 1270 1291 1231
1192 1252 1270 1214
1165 1224 1252 1192
1153 1212 1224 1165
1136 1197 1212 1153
1119 1181 1197 1136
1102 1163 1181 1119
1092 1154 1163 1102
1085 1141 1154 1092
1075 1135 1141 1085
1068 1131 1135 1075
1064 1123 1131 1068
1058 1117 1123 1064
1052 1115 1117 1058
1050 1109 1115 1052
1668 1672 1678 1675
1662 1667 1672 1668
1654 1661 1667 1662
1647 1656 1661 1654
1638 1649 1656 1647
1630 1641 1649 1638
1619 1632 1641 1630
1608 1621 1632 1619
1597 1610 1621 1608
1581 1599 1610 1597
1567 1586 1599 1581
1553 1571 1586 1567
1537 1555 1571 1553
1518 1543 1555 1537
1502 1529 1543 1518
1485 1512 1529 1502
1466 1496 1512 1485
1447 1480 1496 1466
1431 1463 1480 1447
1410 1441 1463 1431
1384 1425 1441 1410
1366 1406 1425 1384
1343 1388 1406 1366
1322 1372 1388 1343
1291 1353 1372 1322
1270 1333 1353 1291
1252 1306 1333 1270
1224 1289 1306 1252
1212 1269 1289 1224
1197 1254 1269 1212
1181 1241 1254 1197
1163 1217 1241 1181
1154 1216 1217 1163
1141 1204 1216 1154
1135 1198 1204 1141
1131 1187 1198 1135
1123 1183 1187 1131
1117 1175 1183 1123
1115 1168 1175 1117
1109 1167 1168 1115
1672 1676 1680 1678
1667 1673 1676 1672
1661 1669 1673 1667
1656 1663 1669 1661
1649 1658 1663 1656
1641 1651 1658 1649
1632 1643 1651 1641
1621 1634 1643 1632
1610 1624 1634 1621
1599 1613 1624 1610
1586 1600 1613 1599
1571 1588 1600 1586
1555 1577 1588 1571
1543 1565 1577 1555
1529 1551 1565 1543
1512 1535 1551 1529
1496 1522 1535 1512
1480 1508 1522 1496
1463 1492 1508 1480
1441 1470 1492 1463
1425 1459 1470 1441
1406 1443 1459 1425
1388 1428 1443 1406
1372 1412 1428 1388
1353 1398 1412 1372
1333 1379 1398 1353
1306 1361 1379 1333
1289 1348 1361 1306
1269 1335 1348 1289
1254 1314 1335 1269
1241 1300 1314 1254
1217 1281 1300 1241
1216 1275 1281 1217
1204 1266 1275 1216
1198 1255 1266 1204
1187 1250 1255 1198
1183 1243 1250 1187
1175 1242 1243 1183
1168 1235 1242 1175
1167 1233 1235 1168
1676 1679 1681 1680
1673 1677 1679 1676
1669 1674 1677 1673
1663 1670 1674 1669
1658 1665 1670 1663
1651 1659 1665 1658
1643 1652 1659 1651
1634 1644 1652 1643
1624 1635 1644 1634
1613 1625 1635 1624
1600 1614 1625 1613
1588 1604 1614 1600
1577 1594 1604 1588
1565 1583 1594 1577
1551 1569 1583 1565
1535 1556 1569 1551
1522 1546 1556 1535
1508 1532 1546 1522
1492 1515 1532 1508
1470 1505 1515 1492
1459 1489 1505 1470
1443 1475 1489 1459
1428 1464 1475 1443
1412 1448 1464 1428
1398 1434 1448 1412
1379 1417 1434 1398
1361 1407 1417 1379
1348 1393 1407 1361
1335 1381 1393 1348
1314 1369 1381 1335
1300 1354 1369 1314
1281 1344 1354 1300
1275 1336 1344 1281
1266 1326 1336 1275
1255 1317 1326 1266
1250 1308 1317 1255
1243 1304 1308 1250
1242 1302 1304 1243
1235 1298 1302 1242
1233 1295 1298 1235
120
1294
1232
1299
1294
1232
1166
1166
1108
1108
1049
1049
996
996
938
938
885
885
834
834
781
781
733
733
684
684
641
641
599
599
556
556
512
512
472
472
436
436
401
401
364
364
332
332
301
301
270
270
243
243
215
215
190
190
167
167
143
143
123
123
105
105
88
88
72
72
57
57
45
45
35
35
25
25
16
16
10
10
6
6
3
3
1
1
2
1303
1299
2
5
1305
1303
5
11
1309
1305
11
17
1318
1309
17
26
1327
1318
26
34
1337
1327
34
44
1345
1337
44
58
1355
1345
58
73
1370
1355
73
89
1382
1370
89
106
1394
1382
106
122
1408
1394
122
144
1418
1408
144
168
1435
1418
168
191
1449
1435
191
216
1465
1449
216
240
1476
1465
240
271
1490
1476
271
302
1506
1490
302
333
1516
1506
333
365
1533
1516
365
402
1547
1533
402
437
1557
1547
437
473
1570
1557
473
513
1584
1570
513
557
1595
1584
557
600
1605
1595
600
642
1615
1605
642
685
1626
1615
685
734
1636
1626
734
782
1645
1636
782
835
1653
1645
835
886
1660
1653
886
939
1666
1660
939
997
1671
1666
997
1050
1675
1671
1050
1109
1678
1675
1109
1167
1680
1678
1167
1233
1681
1680
1233
1295
40
1679
1681
           1 
           0
1677
1679
           1 
           0
1674
1677
           1 
           0
1670
1674
           1 
           0
1665
1670
           1 
           0
1659
1665
           1 
           0
1652
1659
           1 
           0
1644
1652
           1 
           0
1635
1644
           1 
           0
1625
1635
           1 
           0
1614
1625
           1 
           0
1604
1614
           1 
           0
1594
1604
           1 
           0
1583
1594
           1 
           0
1569
1583
           1 
           0
1556
1569
           1 
           0
1546
1556
           1 
           0
1532
1546
           1 
           0
1515
1532
           1 
           0
1505
1515
           1 
           0
1489
1505
           1 
           0
1475
1489
           1 
           0
1464
1475
           1 
           0
1448
1464
           1 
           0
1434
1448
           1 
           0
1417
1434
           1 
           0
1407
1417
           1 
           0
1393
1407
           1 
           0
1381
1393
           1 
           0
1369
1381
           1 
           0
1354
1369
           1 
           0
1344
1354
           1 
           0
1336
1344
           1 
           0
1326
1336
           1 
           0
1317
1326
           1 
           0
1308
1317
           1 
           0
1304
1308
           1 
           0
1302
1304
           1 
           0
1298
1302
           1 
           0
1295
1298
           1 
           0
0
