       1e-09
200
         0.1
         100
597
           0
           1
     0.03125
     0.96875
           0
     0.95455
    0.045455
           1
      0.0625
      0.9375
           0
     0.90909
    0.090909
           1
     0.10568
     0.94943
    0.050568
     0.89432
     0.09375
     0.90625
           0
     0.86364
     0.13636
           1
     0.14814
     0.96171
    0.038636
     0.85114
     0.13693
     0.91818
    0.081818
     0.86307
       0.125
       0.875
           0
     0.81818
     0.18182
           1
    0.069539
     0.82061
     0.18011
     0.93011
     0.16818
     0.88693
     0.11307
     0.83182
     0.15625
     0.84375
    0.050925
     0.78006
     0.22006
     0.94881
           0
     0.77273
     0.22727
           1
     0.10114
     0.78864
     0.21171
     0.89814
     0.14432
     0.80057
     0.19943
     0.85568
      0.1875
      0.8125
     0.26491
     0.95399
    0.045677
     0.73458
    0.089199
     0.74565
     0.25455
      0.9106
           0
     0.72727
     0.27273
           1
     0.13204
     0.75811
     0.24261
     0.86761
     0.23068
     0.82443
     0.17557
     0.76932
     0.29636
     0.92235
    0.077254
     0.70265
     0.12012
     0.71507
     0.21875
     0.78125
     0.30828
     0.96564
    0.033735
     0.69157
     0.28613
     0.87868
           0
     0.68182
     0.31818
           1
     0.16364
     0.72614
     0.27421
     0.83564
     0.26193
     0.79318
     0.20682
     0.73807
     0.10818
     0.67208
     0.32871
     0.89129
     0.06117
     0.65681
     0.34361
     0.93775
     0.31633
     0.84864
      0.1517
     0.68315
        0.25
        0.75
     0.19454
     0.69561
     0.30511
     0.80511
           0
     0.63636
     0.36364
           1
     0.29318
     0.76193
     0.23807
     0.70682
    0.096235
     0.62907
      0.3723
     0.90233
     0.13975
     0.64015
     0.35994
     0.85909
     0.18262
     0.65257
      0.3483
     0.81705
    0.048766
     0.60921
      0.3924
      0.9449
     0.28125
     0.71875
     0.22614
     0.66364
     0.33636
     0.77386
           0
     0.59091
     0.40909
           1
     0.32443
     0.73068
     0.26932
     0.67557
     0.12782
     0.59715
    0.085651
     0.58543
     0.17068
     0.60958
     0.40756
     0.86959
     0.39494
     0.82725
     0.42279
     0.91188
      0.2142
     0.62065
     0.37989
     0.78508
     0.43628
     0.95429
      0.3125
      0.6875
    0.049541
     0.55667
     0.25704
     0.63311
     0.36796
     0.74189
           0
     0.54545
     0.45455
           1
      0.1601
     0.56594
     0.35568
     0.69943
     0.30057
     0.64432
     0.43573
     0.83556
     0.45166
     0.87743
     0.20225
     0.57765
     0.42335
     0.79264
     0.46496
     0.92026
     0.10518
     0.53928
     0.40525
     0.75241
     0.24512
     0.59007
     0.48042
     0.96239
    0.034077
     0.51758
     0.34375
     0.65625
     0.28864
     0.60114
     0.39926
     0.70984
    0.070264
     0.50891
      0.1474
     0.52382
           0
         0.5
         0.5
           1
     0.47956
     0.84536
     0.46586
     0.80259
      0.4486
     0.76249
     0.49501
     0.88697
     0.38693
     0.66818
     0.33182
     0.61307
     0.23453
     0.54643
     0.50891
     0.92974
     0.18989
     0.52175
       0.434
     0.72045
     0.11303
     0.49501
     0.51758
     0.96592
    0.037611
     0.48042
      0.2767
     0.55815
       0.375
       0.625
     0.31954
     0.57061
     0.43046
     0.67795
     0.07974
     0.46496
     0.15464
     0.47956
     0.52382
      0.8526
     0.49303
     0.76713
           0
     0.45455
     0.54545
           1
     0.47702
     0.73154
     0.26665
     0.52056
     0.53928
     0.89482
     0.41818
     0.63693
     0.36307
     0.58182
     0.52175
     0.81011
     0.46316
     0.68933
     0.23287
     0.49303
     0.55667
     0.95046
     0.12257
     0.45166
       0.309
     0.52696
    0.045706
     0.43628
     0.19741
     0.46586
     0.40625
     0.59375
     0.35114
     0.53864
     0.46166
     0.64626
    0.088119
     0.42279
     0.52056
     0.73335
     0.16444
     0.43573
     0.26846
     0.47702
     0.56594
      0.8399
           0
     0.40909
     0.59091
           1
     0.58543
     0.91435
     0.54643
     0.76547
     0.44943
     0.60568
     0.39432
     0.55057
     0.23751
      0.4486
     0.49545
      0.6608
     0.13041
     0.40756
      0.3392
     0.49545
    0.055105
      0.3924
     0.59715
     0.87218
     0.52696
       0.691
     0.60921
     0.95123
     0.57765
     0.79775
     0.20736
     0.42335
      0.4375
      0.5625
     0.31067
     0.46316
     0.55815
      0.7233
     0.38239
     0.50739
     0.17275
     0.39494
     0.27955
       0.434
     0.60958
     0.82932
      0.4217
     0.52648
    0.097675
      0.3723
     0.50739
     0.61761
     0.47648
      0.5783
           0
     0.36364
     0.63636
           1
     0.62907
     0.90377
     0.59007
     0.75488
     0.53864
     0.64886
     0.35374
     0.46166
     0.24759
     0.40525
     0.57061
     0.68046
     0.32205
     0.43046
     0.64015
     0.86025
     0.14091
     0.35994
     0.21492
     0.37989
     0.62065
      0.7858
    0.062249
     0.34361
     0.65681
     0.93883
     0.46875
     0.53125
     0.60114
     0.71136
     0.29016
     0.39926
     0.51932
     0.57443
     0.42557
     0.48068
     0.18295
      0.3483
     0.55057
     0.60568
     0.39432
     0.44943
     0.65257
     0.81738
     0.10871
     0.32871
     0.67208
     0.89182
           0
     0.31818
     0.68182
           1
     0.25811
     0.36796
     0.63311
     0.74296
     0.58182
     0.63693
     0.36307
     0.41818
     0.69157
     0.96627
    0.034355
     0.30828
     0.33182
     0.38693
     0.61307
     0.66818
     0.68315
      0.8483
     0.15136
     0.31633
     0.22614
     0.33636
     0.66364
     0.77386
     0.70265
     0.92275
         0.5
         0.5
    0.077648
     0.29636
     0.46875
     0.46875
     0.53125
     0.53125
     0.64432
     0.69943
     0.30057
     0.35568
      0.4375
      0.4375
      0.5625
      0.5625
     0.40625
     0.40625
     0.59375
     0.59375
     0.19489
     0.30511
     0.69561
     0.80546
     0.12132
     0.28613
     0.71507
     0.87988
     0.67557
     0.73068
     0.26932
     0.32443
           0
     0.27273
     0.72727
           1
       0.375
       0.375
       0.625
       0.625
     0.73458
     0.95432
    0.046006
     0.26491
     0.65625
     0.65625
     0.34375
     0.34375
     0.16436
     0.27421
     0.72614
     0.83636
     0.70682
     0.76193
     0.23807
     0.29318
     0.47352
      0.4217
     0.57443
     0.51932
    0.089398
     0.25455
     0.74565
      0.9108
     0.53125
     0.46875
     0.44943
     0.39432
     0.60568
     0.55057
      0.6875
      0.6875
      0.3125
      0.3125
     0.63693
     0.58182
     0.41818
     0.36307
     0.73807
     0.79318
     0.20682
     0.26193
     0.13239
     0.24261
     0.75811
     0.86796
     0.28125
     0.28125
     0.71875
     0.71875
     0.66818
     0.61307
     0.38693
     0.33182
           0
     0.22727
     0.77273
           1
     0.51932
     0.42557
    0.051191
     0.22006
     0.78006
     0.94907
      0.5783
     0.47352
     0.69943
     0.64432
     0.35568
     0.30057
     0.17557
     0.23068
     0.76932
     0.82443
     0.49261
     0.38239
        0.75
        0.75
        0.25
        0.25
     0.64626
     0.53834
     0.10186
     0.21171
     0.78864
     0.89886
      0.5625
      0.4375
     0.46136
     0.35114
     0.61761
     0.49261
     0.73068
     0.67557
     0.32443
     0.26932
     0.67795
     0.56954
     0.42939
     0.31954
     0.78125
     0.78125
     0.21875
     0.21875
     0.80057
     0.85568
     0.14432
     0.19943
     0.70984
     0.60074
     0.39886
     0.28864
     0.76193
     0.70682
     0.29318
     0.23807
           0
     0.18182
     0.81818
           1
     0.55057
     0.39432
     0.60568
     0.44943
    0.069886
     0.18011
     0.82061
     0.93046
      0.6608
     0.50455
     0.74189
     0.63204
     0.36689
     0.25704
     0.50455
      0.3392
      0.8125
      0.8125
      0.1875
      0.1875
     0.79318
     0.73807
     0.26193
     0.20682
     0.68944
     0.52617
     0.47304
       0.309
     0.83182
     0.88693
     0.11307
     0.16818
     0.59375
     0.40625
     0.53834
     0.35374
     0.64886
     0.46136
     0.77386
     0.66364
     0.33636
     0.22614
     0.72115
     0.55729
     0.85114
     0.96136
    0.038289
     0.14814
     0.82443
     0.76932
     0.23068
     0.17557
     0.45264
      0.2712
     0.84375
     0.84375
     0.15625
     0.15625
     0.75309
      0.5885
     0.40993
     0.24512
     0.80511
     0.69489
     0.30439
     0.19454
     0.58182
     0.36307
     0.63693
     0.41818
           0
     0.13636
     0.86364
           1
     0.68929
     0.47719
    0.081818
     0.13693
     0.86307
     0.91818
     0.78508
     0.62011
     0.37935
      0.2142
     0.53684
     0.31067
     0.85568
     0.80057
     0.19943
     0.14432
     0.83564
     0.72579
     0.27386
     0.16364
       0.125
       0.125
       0.875
       0.875
       0.625
       0.375
     0.56954
     0.32205
     0.73289
     0.49981
     0.50933
     0.27335
     0.68046
     0.42939
     0.34743
     0.18262
     0.81705
      0.6517
     0.76416
     0.54502
     0.44718
     0.22963
     0.89432
     0.94943
    0.050568
     0.10568
     0.86761
     0.75739
     0.24189
     0.13204
     0.79598
     0.57666
     0.42235
     0.20225
     0.16818
     0.11307
     0.88693
     0.83182
     0.31685
      0.1517
     0.84864
     0.68367
     0.66818
     0.38693
     0.61307
     0.33182
           0
    0.090909
     0.90909
           1
     0.09375
     0.09375
     0.90625
     0.90625
     0.55729
     0.27885
     0.49578
     0.23278
      0.7233
     0.44185
     0.82767
     0.60832
     0.39042
     0.17068
     0.77573
     0.50171
     0.89814
     0.78829
     0.21136
     0.10114
     0.28554
      0.1215
     0.87868
     0.71387
     0.65625
     0.34375
     0.91818
     0.86307
     0.13693
    0.081818
     0.60074
     0.29016
     0.71136
     0.39886
     0.85909
     0.64006
     0.35985
     0.13975
     0.80759
     0.53342
     0.46597
      0.1913
     0.54042
     0.23758
      0.0625
      0.0625
      0.9375
      0.9375
     0.76547
     0.45357
     0.83937
     0.56492
     0.43406
      0.1601
      0.9106
     0.74545
     0.25435
    0.089199
     0.93011
     0.81989
     0.17939
    0.069539
     0.32825
     0.10855
     0.89129
     0.67129
     0.64432
     0.30057
     0.69943
     0.35568
           0
    0.045455
     0.95455
           1
     0.10568
    0.050568
     0.94943
     0.89432
     0.58493
     0.24347
     0.75488
     0.40993
     0.87107
     0.59677
     0.40285
     0.12782
     0.52027
     0.18731
     0.81279
      0.4777
     0.29559
    0.077731
     0.92235
     0.70364
     0.03125
     0.03125
     0.96875
     0.96875
      0.6875
      0.3125
     0.14886
    0.038636
     0.96171
     0.85186
     0.94881
     0.77994
     0.21979
    0.050965
     0.63204
     0.25811
     0.90233
      0.6277
     0.74296
     0.36689
     0.85092
      0.5215
     0.47726
     0.14783
     0.37143
    0.096423
     0.57666
     0.20402
     0.79775
     0.42235
     0.88193
     0.55316
     0.44636
     0.11647
     0.26453
    0.045919
     0.95399
     0.73509
     0.73068
     0.32443
     0.67557
     0.26932
      0.9379
     0.65785
      0.3416
    0.061702
           0
           0
           1
           1
     0.62011
     0.21492
    0.045455
           0
           1
     0.95455
      0.7858
     0.37935
     0.91411
     0.58453
    0.090909
           0
           1
     0.90909
     0.41469
    0.084555
     0.85647
     0.47384
     0.52088
     0.13703
     0.13636
           0
           1
     0.86364
     0.56492
     0.16063
      0.8399
     0.43406
     0.30794
      0.0346
     0.96564
     0.69172
     0.18182
           0
           1
     0.81818
     0.71875
     0.28125
     0.66364
     0.22614
     0.77386
     0.33636
     0.94581
     0.61638
     0.38275
    0.052907
     0.22727
           0
           1
     0.77273
     0.49967
     0.10408
     0.60832
     0.17233
     0.82932
     0.39042
      0.8952
     0.48957
     0.92523
     0.54094
      0.4578
    0.073014
     0.27273
           0
           1
     0.72727
     0.76193
     0.29318
     0.70682
     0.23807
     0.55316
     0.11807
     0.88353
     0.44636
      0.6517
     0.18295
     0.81738
     0.34743
     0.95758
     0.57296
     0.42617
    0.041139
     0.31818
           0
           1
     0.68182
     0.59677
     0.12893
     0.87218
     0.40285
        0.75
        0.25
     0.93864
     0.50125
     0.69489
     0.19489
     0.36364
           0
           1
     0.63636
     0.50125
    0.061358
     0.80546
     0.30439
     0.64006
     0.14091
     0.54094
    0.074774
     0.86025
     0.35985
     0.92699
      0.4578
     0.96885
     0.53357
     0.46965
    0.029626
     0.40909
           0
           1
     0.59091
     0.79318
     0.26193
     0.73807
     0.20682
     0.58453
     0.08589
     0.91545
     0.41469
      0.8483
     0.31685
     0.68367
     0.15136
     0.45455
           0
           1
     0.54545
      0.6277
    0.097675
     0.90358
     0.37143
     0.78125
     0.21875
     0.97037
     0.46965
     0.53357
    0.031147
     0.72579
     0.16436
     0.83636
     0.27386
     0.67129
     0.10871
     0.57296
     0.04242
     0.89145
     0.32825
     0.95886
     0.42617
         0.5
           0
           1
         0.5
     0.82443
     0.23068
     0.76932
     0.17557
     0.61638
    0.054187
     0.94709
     0.38275
     0.71387
     0.12132
      0.8785
     0.28554
     0.54545
           0
           1
     0.45455
     0.65785
    0.062096
      0.9383
      0.3416
      0.8125
      0.1875
     0.75739
     0.13239
     0.86796
     0.24189
     0.70364
    0.077648
     0.92227
     0.29559
     0.59091
           0
           1
     0.40909
     0.85568
     0.19943
     0.80057
     0.14432
     0.74545
    0.089398
      0.9108
     0.25435
     0.63636
           0
           1
     0.36364
      0.9654
     0.30794
     0.69172
    0.034355
     0.84375
     0.15625
     0.78829
     0.10186
     0.89886
     0.21136
     0.73509
    0.046006
     0.95408
     0.26453
     0.68182
           0
           1
     0.31818
     0.88693
     0.16818
     0.83182
     0.11307
     0.77994
    0.051191
     0.94903
     0.21979
     0.72727
           0
           1
     0.27273
       0.875
       0.125
     0.81989
    0.069886
     0.93046
     0.17939
     0.91818
     0.13693
     0.86307
    0.081818
     0.77273
           0
           1
     0.22727
     0.90625
     0.09375
     0.96136
     0.14886
     0.85186
    0.038289
     0.81818
           0
           1
     0.18182
     0.89432
    0.050568
     0.94943
     0.10568
     0.86364
           0
           1
     0.13636
      0.9375
      0.0625
     0.90909
           0
           1
    0.090909
     0.96875
     0.03125
     0.95455
           0
           1
    0.045455
           1
           0
1104
3
454 431 419
419 431 406
291 275 259
232 206 234
63 47 56
359 340 327
250 240 222
134 113 125
17 10 16
406 384 371
268 255 237
180 156 169
33 24 31
321 303 287
238 234 210
94 78 84
5 2 6
275 268 247
206 180 187
47 33 43
340 321 305
240 238 213
113 94 102
10 5 9
384 359 350
255 250 225
156 134 147
24 17 23
303 291 272
78 63 69
2 1 3
2 3 6
259 275 247
259 247 229
169 156 147
169 147 157
305 321 287
305 287 273
272 291 259
272 259 242
229 247 219
157 147 135
273 287 256
242 259 229
242 229 211
211 229 202
242 211 228
125 113 102
125 102 114
114 102 96
125 114 135
135 114 133
125 135 147
125 147 134
133 114 110
135 133 153
84 78 69
84 69 79
79 69 64
84 79 96
96 79 91
84 96 102
84 102 94
91 79 74
96 91 110
110 91 105
96 110 114
105 91 87
110 105 126
350 359 327
350 327 314
314 327 293
350 314 335
327 340 305
327 305 293
293 305 273
293 273 262
262 273 244
293 262 282
287 303 272
287 272 256
256 272 242
256 242 228
256 228 244
244 228 215
215 228 201
244 215 233
256 244 273
371 384 350
371 350 335
371 335 347
347 335 310
187 180 169
187 169 183
183 169 157
183 157 173
187 183 210
187 210 206
183 196 213
56 47 43
56 43 53
53 43 40
56 53 64
64 53 62
56 64 69
56 69 63
62 53 46
64 62 74
74 62 72
64 74 79
72 62 57
74 72 87
87 72 85
74 87 91
85 72 70
87 85 100
31 24 23
31 23 29
29 23 20
31 29 40
40 29 36
31 40 43
31 43 33
36 29 25
40 36 46
46 36 45
40 46 53
45 36 35
46 45 57
57 45 59
46 57 62
59 45 49
57 59 70
70 59 76
57 70 72
76 59 66
70 76 86
213 238 210
213 210 183
16 10 9
16 9 14
14 9 11
14 11 18
16 14 20
20 14 18
16 20 23
16 23 17
247 268 237
247 237 219
219 237 208
208 237 225
208 225 199
225 237 255
199 225 222
199 222 196
222 225 250
196 222 213
196 183 173
196 173 181
181 173 153
196 181 199
199 181 185
185 181 162
199 185 208
208 185 197
197 185 170
208 197 219
219 197 202
202 197 179
213 222 240
153 173 157
179 197 170
179 170 155
202 179 184
153 157 135
155 170 150
179 155 161
162 181 153
185 162 170
170 162 150
150 162 144
144 162 153
144 153 133
144 133 126
144 126 150
126 133 110
155 150 128
161 155 138
179 161 184
184 161 172
172 161 152
184 172 201
202 184 211
219 202 229
152 161 138
152 138 130
130 138 117
152 130 137
9 5 6
406 371 382
206 210 234
172 152 159
117 138 128
130 117 108
137 130 116
152 137 159
159 137 154
154 137 132
159 154 174
201 228 211
201 211 184
215 201 188
233 215 204
244 233 262
262 233 253
253 233 224
262 253 282
282 253 279
132 137 116
132 116 112
112 116 95
132 112 118
118 112 98
132 118 141
98 112 95
154 132 141
174 154 164
159 174 188
95 116 108
95 108 86
95 86 76
293 282 314
314 282 310
87 100 105
105 100 128
253 224 248
85 70 86
85 86 108
224 233 204
224 204 191
36 25 35
35 25 27
49 45 35
49 35 38
25 29 20
25 20 18
59 49 66
126 105 128
100 85 108
128 150 126
155 128 138
335 314 310
172 159 188
108 117 100
100 117 128
116 130 108
188 201 172
204 215 188
66 81 76
248 279 253
18 27 25
141 164 154
382 419 406
6 11 9
38 51 49
49 51 66
191 217 224
224 217 248
81 98 95
279 310 282
27 38 35
164 191 174
347 382 371
204 188 174
204 174 191
76 81 95
455 432 458
458 432 407
290 276 308
232 264 235
501 526 516
360 339 377
251 241 269
361 396 380
575 582 578
407 385 422
267 254 285
295 328 313
547 562 554
320 302 336
239 235 261
433 474 450
591 594 593
276 267 298
264 295 284
526 547 537
339 320 355
241 239 266
396 433 418
582 591 588
385 360 397
254 251 277
328 361 346
562 575 569
302 290 322
474 501 489
594 597 596
594 596 593
308 276 298
308 298 331
313 328 346
313 346 330
355 320 336
355 336 372
322 290 308
322 308 343
331 298 317
330 346 365
372 336 357
343 308 331
343 331 367
367 331 352
343 367 379
380 396 418
380 418 400
400 418 440
380 400 365
365 400 388
380 365 346
388 400 424
365 388 349
380 346 361
450 474 489
450 489 476
476 489 507
450 476 440
440 476 459
450 440 418
459 476 494
440 459 424
450 418 433
424 459 445
440 424 400
445 459 483
424 445 408
397 360 377
397 377 413
413 377 392
397 413 435
377 339 355
377 355 392
392 355 372
392 372 411
411 372 395
392 411 436
336 302 322
336 322 357
357 322 343
357 343 379
357 379 395
395 379 416
357 395 372
416 379 401
395 416 430
422 385 397
422 397 435
422 435 467
467 435 473
284 295 313
284 313 297
297 313 330
297 330 316
284 297 261
284 261 264
297 292 266
516 526 537
516 537 530
530 537 549
554 562 569
554 569 564
564 569 577
554 564 549
549 564 557
554 549 537
557 564 572
549 557 542
554 537 547
266 239 261
266 261 297
489 501 516
489 516 507
507 516 530
507 530 520
520 530 542
507 520 494
542 530 549
520 542 533
494 520 510
533 542 551
520 533 510
510 533 525
494 510 483
483 510 500
494 483 459
500 510 525
500 525 519
483 500 469
507 494 476
578 582 588
578 588 583
583 588 590
583 590 586
298 267 285
298 285 317
317 285 306
306 285 277
277 285 254
306 277 300
300 277 269
306 300 333
269 277 251
300 269 292
292 269 266
300 292 324
266 269 241
292 297 316
292 316 324
324 316 349
349 316 330
349 330 365
317 306 341
261 235 264
588 591 593
569 575 578
569 578 577
577 578 583
577 583 586
407 422 462
401 379 367
401 367 389
389 367 352
401 389 425
389 352 374
374 352 341
374 341 368
389 374 409
430 416 452
525 533 546
500 519 492
416 401 439
395 430 411
411 430 449
449 430 471
411 449 436
436 449 480
519 525 540
300 324 333
333 324 363
363 324 349
333 363 368
368 363 391
333 368 341
333 341 306
391 363 408
368 391 403
374 368 403
374 403 409
409 403 441
349 388 363
392 436 413
413 436 473
572 564 577
572 577 586
542 557 551
551 557 566
566 557 572
551 566 560
566 572 581
560 566 574
551 560 546
546 560 559
449 471 488
388 424 408
388 408 363
471 430 452
471 452 505
408 445 428
469 500 492
401 425 439
439 425 460
460 425 446
439 460 477
483 469 445
445 469 428
428 469 464
464 469 492
464 492 484
484 492 511
464 484 441
464 441 428
533 551 546
425 389 409
441 403 428
446 425 409
446 409 441
446 441 484
477 460 495
460 446 485
439 477 452
511 492 519
511 519 534
534 519 540
511 534 527
484 511 502
403 391 428
352 331 317
352 317 341
435 413 473
525 546 540
416 439 452
408 428 391
527 534 544
527 544 536
527 536 502
527 502 511
495 460 485
485 446 484
534 540 553
534 553 544
484 502 485
485 502 512
512 502 536
485 512 495
495 512 523
523 512 536
477 495 515
540 546 559
452 477 505
559 553 540
488 480 449
586 581 572
523 515 495
462 458 407
593 590 588
574 568 560
560 568 559
505 498 471
471 498 488
480 473 436
581 574 566
515 505 477
467 462 422
597 594 595
595 594 591
501 474 490
232 234 264
291 303 323
575 562 570
361 328 345
250 255 278
359 384 398
591 582 587
433 396 417
238 240 265
321 340 356
547 526 538
295 264 281
268 275 299
406 431 461
474 433 451
234 238 260
303 321 337
562 547 555
328 295 312
255 268 286
384 406 421
582 575 579
396 361 381
240 250 270
340 359 376
526 501 517
275 291 309
431 454 457
431 457 461
490 474 451
490 451 475
265 240 270
265 270 296
555 547 538
555 538 548
517 501 490
517 490 503
475 451 438
296 270 301
548 538 529
503 490 475
503 475 493
493 475 456
503 493 521
278 255 286
278 286 307
307 286 318
278 307 301
301 307 338
278 301 270
278 270 250
338 307 342
301 338 325
299 275 309
299 309 332
332 309 344
299 332 318
318 332 353
299 318 286
299 286 268
353 332 366
318 353 342
342 353 375
375 353 390
342 375 369
318 342 307
579 575 570
579 570 576
576 570 563
579 576 584
570 562 555
570 555 563
563 555 548
563 548 556
556 548 541
563 556 571
538 526 517
538 517 529
529 517 503
529 503 521
529 521 541
541 521 531
531 521 508
541 531 550
529 541 548
587 582 579
587 579 584
587 584 589
589 584 585
260 238 265
260 265 289
289 265 296
289 296 319
260 289 281
260 281 234
289 329 312
323 303 337
323 337 358
358 337 373
356 340 376
356 376 393
393 376 414
356 393 373
373 393 412
356 373 337
356 337 321
412 393 437
373 412 394
312 295 281
312 281 289
309 291 323
309 323 344
344 323 358
344 358 378
378 358 394
394 358 373
378 394 415
344 378 366
366 378 402
415 394 429
378 415 402
366 402 390
390 402 426
402 415 443
366 390 353
426 402 443
390 426 410
426 443 463
344 366 332
398 384 421
398 421 434
434 421 466
434 466 472
451 433 417
451 417 438
438 417 399
399 417 381
381 417 396
399 381 362
362 381 345
345 381 361
362 345 329
399 362 386
329 345 312
312 345 328
329 289 319
329 319 354
354 319 325
329 354 362
362 354 386
386 354 364
325 319 296
364 354 325
386 364 405
325 296 301
405 364 387
386 405 423
438 399 423
281 264 234
421 406 461
376 359 398
376 398 414
414 398 434
414 434 472
591 587 592
508 521 493
508 493 482
482 493 456
482 456 444
508 482 499
444 456 423
444 423 405
482 444 468
550 531 545
443 415 453
426 463 447
531 508 524
541 550 556
556 550 565
565 550 561
556 565 571
571 565 580
463 443 478
563 571 576
576 571 585
415 429 453
387 364 338
369 375 404
437 393 414
437 414 472
325 338 364
394 412 429
429 412 448
448 412 437
448 437 479
429 448 470
470 448 487
429 470 453
453 470 504
565 561 573
390 410 375
375 410 404
404 410 442
442 410 447
442 447 481
481 447 486
442 481 465
404 442 427
561 550 545
561 545 558
338 342 369
338 369 387
387 369 404
399 386 423
410 426 447
405 387 427
499 482 468
508 499 524
524 499 518
518 499 491
524 518 539
486 447 463
486 463 496
496 463 478
486 496 513
499 468 491
491 468 465
491 465 481
524 539 545
518 491 509
481 486 506
442 465 427
427 465 468
539 518 532
468 444 427
456 475 438
456 438 423
584 576 585
545 531 524
478 443 453
486 513 506
506 513 535
535 513 522
522 513 496
481 506 509
509 506 528
528 506 535
509 528 532
532 528 543
543 528 535
532 518 509
496 478 514
496 514 522
404 427 387
509 491 481
539 532 552
478 453 504
545 539 558
504 514 478
573 580 565
472 479 437
543 552 532
592 595 591
461 466 421
487 497 470
470 497 504
558 567 561
561 567 573
580 585 571
479 487 448
552 558 539
589 592 587
444 405 427
1 2 4
4 2 5
63 78 68
232 235 206
290 302 271
17 24 22
134 156 146
251 254 226
360 385 351
5 10 8
94 113 101
239 241 212
320 339 304
33 47 42
180 206 190
267 276 246
407 432 383
78 94 83
235 239 209
302 320 288
24 33 32
156 180 168
254 267 236
385 407 370
10 17 15
113 134 124
241 251 221
339 360 326
47 63 55
276 290 258
432 455 420
432 420 383
68 78 83
68 83 80
212 241 221
212 221 195
32 33 42
32 42 41
55 63 68
55 68 65
80 83 97
195 221 198
41 42 54
65 68 80
65 80 75
75 80 92
65 75 61
226 254 236
226 236 207
207 236 220
226 207 198
198 207 182
226 198 221
226 221 251
182 207 194
198 182 176
246 276 258
246 258 230
230 258 243
246 230 220
220 230 203
246 220 236
246 236 267
203 230 214
220 203 194
194 203 178
220 194 207
178 203 186
194 178 167
15 17 22
15 22 21
21 22 30
15 21 13
22 24 32
22 32 30
30 32 41
30 41 37
37 41 50
30 37 26
42 47 55
42 55 54
54 55 65
54 65 61
54 61 50
50 61 58
58 61 73
50 58 44
54 50 41
8 10 15
8 15 13
8 13 12
12 13 19
209 239 212
209 212 189
189 212 195
189 195 171
209 189 190
209 190 206
189 158 168
271 302 288
271 288 257
257 288 274
271 257 243
243 257 227
271 243 258
271 258 290
227 257 245
243 227 214
214 227 200
243 214 230
200 227 216
214 200 186
186 200 175
214 186 203
175 200 193
186 175 163
304 339 326
304 326 294
294 326 315
304 294 274
274 294 263
304 274 288
304 288 320
263 294 283
274 263 245
245 263 231
274 245 257
231 263 252
245 231 216
216 231 205
245 216 227
205 231 223
216 205 193
193 205 177
216 193 200
177 205 192
193 177 166
168 180 190
168 190 189
351 385 370
351 370 334
334 370 348
334 348 311
351 334 315
315 334 311
351 315 326
351 326 360
83 94 101
83 101 97
97 101 115
115 101 124
115 124 136
124 101 113
136 124 146
136 146 158
146 124 134
158 146 168
158 189 171
158 171 149
149 171 176
158 149 136
136 149 129
129 149 143
136 129 115
115 129 109
176 171 195
109 129 122
115 109 97
97 109 92
92 109 106
176 195 198
168 146 156
106 109 122
106 122 121
121 122 140
106 121 103
92 106 89
143 149 176
129 143 122
122 143 140
140 143 160
160 143 176
160 176 182
160 182 167
160 167 140
167 182 194
121 140 148
103 121 120
106 103 89
89 103 88
88 103 104
89 88 73
92 89 75
104 103 120
104 120 123
123 120 139
104 123 107
88 104 90
97 92 80
370 407 383
5 8 7
235 209 206
139 120 148
123 139 145
107 123 127
104 107 90
90 107 93
93 107 111
90 93 77
73 61 75
73 75 89
58 73 71
44 58 60
50 44 37
37 44 34
34 44 48
37 34 26
26 34 28
111 107 127
111 127 131
131 127 151
111 131 119
119 131 142
111 119 99
142 131 151
93 111 99
77 93 82
90 77 71
151 127 145
151 145 166
151 166 177
30 26 21
21 26 19
186 163 178
178 163 148
34 48 39
175 193 166
175 166 145
48 44 60
48 60 67
263 283 252
252 283 280
223 231 252
223 252 249
283 294 315
283 315 311
205 223 192
167 178 148
163 175 145
148 140 167
121 148 120
88 90 71
127 123 145
71 73 88
58 71 60
13 21 19
145 139 163
163 139 148
192 165 177
39 28 34
311 280 283
99 82 93
7 4 5
383 348 370
249 218 223
223 218 192
67 52 48
48 52 39
165 142 151
28 19 26
280 249 252
82 67 77
12 7 8
71 77 60
60 77 67
177 165 151
66
419
454
1
3
3
6
310
347
11
18
98
118
118
141
66
81
248
279
18
27
141
164
382
419
6
11
38
51
51
66
191
217
217
248
81
98
279
310
27
38
164
191
347
382
458
455
597
596
596
593
473
467
590
586
544
536
553
544
536
523
559
553
488
480
586
581
523
515
462
458
593
590
574
568
568
559
505
498
498
488
480
473
581
574
515
505
467
462
595
597
454
457
457
461
585
589
466
472
522
535
535
543
514
522
504
514
573
580
472
479
543
552
592
595
461
466
487
497
497
504
558
567
567
573
580
585
479
487
552
558
589
592
22
4
1
           1 
           0
455
420
           1 
           0
420
383
           1 
           0
19
12
           1 
           0
348
311
           1 
           0
142
119
           1 
           0
119
99
           1 
           0
192
165
           1 
           0
39
28
           1 
           0
311
280
           1 
           0
99
82
           1 
           0
7
4
           1 
           0
383
348
           1 
           0
249
218
           1 
           0
218
192
           1 
           0
67
52
           1 
           0
52
39
           1 
           0
165
142
           1 
           0
28
19
           1 
           0
280
249
           1 
           0
82
67
           1 
           0
12
7
           1 
           0
0
