       1e-09
50
         0.1
         100
1156
           0
           0
    0.030303
           0
    0.021428
    0.021428
    0.051731
    0.021428
    0.060606
           0
    0.042855
    0.042855
    0.082034
    0.021428
    0.073158
    0.042855
    0.090909
           0
    0.064283
    0.064283
     0.10346
    0.042855
     0.11234
    0.021428
    0.094586
    0.064283
     0.12121
           0
     0.08571
     0.08571
     0.13376
    0.042855
     0.12489
    0.064283
     0.14264
    0.021428
     0.11601
     0.08571
     0.15152
           0
     0.10714
     0.10714
     0.15519
    0.064283
     0.16407
    0.042855
     0.14632
     0.08571
     0.17294
    0.021428
     0.13744
     0.10714
     0.18182
           0
     0.12857
     0.12857
     0.18549
    0.064283
     0.17662
     0.08571
     0.19437
    0.042855
     0.16774
     0.10714
     0.20325
    0.021428
     0.15887
     0.12857
     0.21212
           0
     0.14999
     0.14999
     0.20692
     0.08571
      0.2158
    0.064283
     0.19805
     0.10714
     0.22467
    0.042855
     0.18917
     0.12857
     0.23355
    0.021428
      0.1803
     0.14999
     0.24242
           0
     0.17142
     0.17142
     0.23723
     0.08571
     0.22835
     0.10714
      0.2461
    0.064283
     0.21947
     0.12857
     0.25498
    0.042855
      0.2106
     0.14999
     0.26385
    0.021428
     0.20172
     0.17142
     0.27273
           0
     0.19285
     0.19285
     0.25865
     0.10714
     0.26753
     0.08571
     0.24978
     0.12857
      0.2764
    0.064283
      0.2409
     0.14999
     0.28528
    0.042855
     0.23203
     0.17142
     0.29415
    0.021428
     0.22315
     0.19285
     0.30303
           0
     0.21428
     0.21428
     0.28896
     0.10714
     0.28008
     0.12857
     0.29783
     0.08571
     0.27121
     0.14999
     0.30671
    0.064283
     0.26233
     0.17142
     0.31558
    0.042855
     0.25345
     0.19285
     0.32446
    0.021428
     0.24458
     0.21428
     0.33333
           0
      0.2357
      0.2357
     0.31038
     0.12857
     0.31926
     0.10714
     0.30151
     0.14999
     0.32813
     0.08571
     0.29263
     0.17142
     0.33701
    0.064283
     0.28376
     0.19285
     0.34589
    0.042855
     0.27488
     0.21428
     0.35476
    0.021428
     0.26601
      0.2357
     0.36364
           0
     0.25713
     0.25713
     0.34069
     0.12857
     0.33181
     0.14999
     0.34956
     0.10714
     0.32294
     0.17142
     0.35844
     0.08571
     0.31406
     0.19285
     0.36731
    0.064283
     0.30518
     0.21428
     0.37619
    0.042855
     0.29631
      0.2357
     0.38506
    0.021428
     0.28743
     0.25713
     0.36211
     0.14999
     0.37099
     0.12857
     0.35324
     0.17142
     0.39394
           0
     0.27856
     0.27856
     0.37987
     0.10714
     0.34436
     0.19285
     0.38874
     0.08571
     0.33549
     0.21428
     0.39762
    0.064283
     0.32661
      0.2357
     0.40649
    0.042855
     0.31774
     0.25713
     0.41537
    0.021428
     0.30886
     0.27856
     0.39242
     0.14999
     0.38354
     0.17142
     0.40129
     0.12857
     0.37467
     0.19285
     0.41017
     0.10714
     0.36579
     0.21428
     0.42424
           0
     0.29999
     0.29999
     0.41904
     0.08571
     0.35692
      0.2357
     0.42792
    0.064283
     0.34804
     0.25713
     0.43679
    0.042855
     0.33916
     0.27856
     0.44567
    0.021428
     0.33029
     0.29999
     0.41384
     0.17142
     0.42272
     0.14999
     0.40497
     0.19285
      0.4316
     0.12857
     0.39609
     0.21428
     0.44047
     0.10714
     0.38722
      0.2357
     0.45455
           0
     0.32141
     0.32141
     0.44935
     0.08571
     0.37834
     0.25713
     0.45822
    0.064283
     0.36947
     0.27856
      0.4671
    0.042855
     0.36059
     0.29999
     0.44415
     0.17142
     0.43527
     0.19285
     0.47597
    0.021428
     0.35172
     0.32141
     0.45302
     0.14999
      0.4264
     0.21428
      0.4619
     0.12857
     0.41752
      0.2357
     0.47077
     0.10714
     0.40865
     0.25713
     0.48485
           0
     0.34284
     0.34284
     0.47965
     0.08571
     0.39977
     0.27856
     0.48853
    0.064283
      0.3909
     0.29999
      0.4974
    0.042855
     0.38202
     0.32141
     0.46558
     0.19285
     0.47445
     0.17142
      0.4567
     0.21428
     0.48333
     0.14999
     0.44782
      0.2357
     0.50628
    0.021428
     0.37314
     0.34284
      0.4922
     0.12857
     0.43895
     0.25713
     0.50108
     0.10714
     0.43007
     0.27856
     0.51515
           0
     0.36427
     0.36427
     0.50995
     0.08571
      0.4212
     0.29999
     0.51883
    0.064283
     0.41232
     0.32141
      0.5277
    0.042855
     0.40345
     0.34284
     0.49588
     0.19285
       0.487
     0.21428
     0.50475
     0.17142
     0.47813
      0.2357
     0.51363
     0.14999
     0.46925
     0.25713
     0.53658
    0.021428
     0.39457
     0.36427
      0.5225
     0.12857
     0.46038
     0.27856
     0.53138
     0.10714
      0.4515
     0.29999
     0.54545
           0
      0.3857
      0.3857
     0.54026
     0.08571
     0.44263
     0.32141
     0.54913
    0.064283
     0.43375
     0.34284
     0.55801
    0.042855
     0.42487
     0.36427
     0.51731
     0.21428
     0.52618
     0.19285
     0.50843
      0.2357
     0.53506
     0.17142
     0.49956
     0.25713
     0.54393
     0.14999
     0.49068
     0.27856
     0.56688
    0.021428
       0.416
      0.3857
     0.55281
     0.12857
      0.4818
     0.29999
     0.56168
     0.10714
     0.47293
     0.32141
     0.57576
           0
     0.40712
     0.40712
     0.57056
     0.08571
     0.46405
     0.34284
     0.57943
    0.064283
     0.45518
     0.36427
     0.54761
     0.21428
     0.53873
      0.2357
     0.55648
     0.19285
     0.52986
     0.25713
     0.58831
    0.042855
      0.4463
      0.3857
     0.56536
     0.17142
     0.52098
     0.27856
     0.57424
     0.14999
     0.51211
     0.29999
     0.58311
     0.12857
     0.50323
     0.32141
     0.59719
    0.021428
     0.43743
     0.40712
     0.59199
     0.10714
     0.49436
     0.34284
     0.60606
           0
     0.42855
     0.42855
     0.60086
     0.08571
     0.48548
     0.36427
     0.60974
    0.064283
     0.47661
      0.3857
     0.56904
      0.2357
     0.57791
     0.21428
     0.56016
     0.25713
     0.58679
     0.19285
     0.55129
     0.27856
     0.59566
     0.17142
     0.54241
     0.29999
     0.61861
    0.042855
     0.46773
     0.40712
     0.60454
     0.14999
     0.53353
     0.32141
     0.61341
     0.12857
     0.52466
     0.34284
     0.62749
    0.021428
     0.45885
     0.42855
     0.62229
     0.10714
     0.51578
     0.36427
     0.63636
           0
     0.44998
     0.44998
     0.63116
     0.08571
     0.50691
      0.3857
     0.64004
    0.064283
     0.49803
     0.40712
     0.59934
      0.2357
     0.59046
     0.25713
     0.60822
     0.21428
     0.58159
     0.27856
     0.61709
     0.19285
     0.57271
     0.29999
     0.62597
     0.17142
     0.56384
     0.32141
     0.64892
    0.042855
     0.48916
     0.42855
     0.63484
     0.14999
     0.55496
     0.34284
     0.64372
     0.12857
     0.54609
     0.36427
     0.65779
    0.021428
     0.48028
     0.44998
     0.65259
     0.10714
     0.53721
      0.3857
     0.66667
           0
     0.47141
     0.47141
     0.66147
     0.08571
     0.52834
     0.40712
     0.62077
     0.25713
     0.62964
      0.2357
     0.61189
     0.27856
     0.67034
    0.064283
     0.51946
     0.42855
     0.63852
     0.21428
     0.60302
     0.29999
     0.64739
     0.19285
     0.59414
     0.32141
     0.65627
     0.17142
     0.58527
     0.34284
     0.67922
    0.042855
     0.51059
     0.44998
     0.66514
     0.14999
     0.57639
     0.36427
     0.67402
     0.12857
     0.56751
      0.3857
     0.68809
    0.021428
     0.50171
     0.47141
      0.6829
     0.10714
     0.55864
     0.40712
     0.69697
           0
     0.49283
     0.49283
     0.69177
     0.08571
     0.54976
     0.42855
     0.65107
     0.25713
     0.64219
     0.27856
     0.65995
      0.2357
     0.63332
     0.29999
     0.66882
     0.21428
     0.62444
     0.32141
     0.70065
    0.064283
     0.54089
     0.44998
      0.6777
     0.19285
     0.61557
     0.34284
     0.68657
     0.17142
     0.60669
     0.36427
     0.70952
    0.042855
     0.53201
     0.47141
     0.69545
     0.14999
     0.59782
      0.3857
     0.70432
     0.12857
     0.58894
     0.40712
      0.7184
    0.021428
     0.52314
     0.49283
      0.7132
     0.10714
     0.58007
     0.42855
     0.72207
     0.08571
     0.57119
     0.44998
     0.72727
           0
     0.51426
     0.51426
      0.6725
     0.27856
     0.68137
     0.25713
     0.66362
     0.29999
     0.69025
      0.2357
     0.65475
     0.32141
     0.69912
     0.21428
     0.64587
     0.34284
     0.73095
    0.064283
     0.56232
     0.47141
       0.708
     0.19285
       0.637
     0.36427
     0.71688
     0.17142
     0.62812
      0.3857
     0.73982
    0.042855
     0.55344
     0.49283
     0.72575
     0.14999
     0.61925
     0.40712
     0.73463
     0.12857
     0.61037
     0.42855
      0.7487
    0.021428
     0.54456
     0.51426
      0.7435
     0.10714
     0.60149
     0.44998
      0.7028
     0.27856
     0.69393
     0.29999
     0.71168
     0.25713
     0.68505
     0.32141
     0.75238
     0.08571
     0.59262
     0.47141
     0.75758
           0
     0.53569
     0.53569
     0.72055
      0.2357
     0.67617
     0.34284
     0.72943
     0.21428
      0.6673
     0.36427
      0.7383
     0.19285
     0.65842
      0.3857
     0.76125
    0.064283
     0.58374
     0.49283
     0.74718
     0.17142
     0.64955
     0.40712
     0.75605
     0.14999
     0.64067
     0.42855
     0.77013
    0.042855
     0.57487
     0.51426
     0.76493
     0.12857
      0.6318
     0.44998
       0.779
    0.021428
     0.56599
     0.53569
      0.7738
     0.10714
     0.62292
     0.47141
     0.72423
     0.29999
      0.7331
     0.27856
     0.71535
     0.32141
     0.74198
     0.25713
     0.70648
     0.34284
     0.75085
      0.2357
      0.6976
     0.36427
     0.78268
     0.08571
     0.61405
     0.49283
     0.78788
           0
     0.55712
     0.55712
     0.75973
     0.21428
     0.68873
      0.3857
     0.76861
     0.19285
     0.67985
     0.40712
     0.79156
    0.064283
     0.60517
     0.51426
     0.77748
     0.17142
     0.67098
     0.42855
     0.78636
     0.14999
      0.6621
     0.44998
     0.80043
    0.042855
      0.5963
     0.53569
     0.79523
     0.12857
     0.65322
     0.47141
     0.80931
    0.021428
     0.58742
     0.55712
     0.80411
     0.10714
     0.64435
     0.49283
     0.75453
     0.29999
     0.74566
     0.32141
     0.76341
     0.27856
     0.73678
     0.34284
     0.77228
     0.25713
     0.72791
     0.36427
     0.78116
      0.2357
     0.71903
      0.3857
     0.81298
     0.08571
     0.63547
     0.51426
     0.81818
           0
     0.57854
     0.57854
     0.79003
     0.21428
     0.71015
     0.40712
     0.79891
     0.19285
     0.70128
     0.42855
     0.82186
    0.064283
      0.6266
     0.53569
     0.80778
     0.17142
      0.6924
     0.44998
     0.81666
     0.14999
     0.68353
     0.47141
     0.83073
    0.042855
     0.61772
     0.55712
     0.82554
     0.12857
     0.67465
     0.49283
     0.83961
    0.021428
     0.60885
     0.57854
     0.77596
     0.32141
     0.78483
     0.29999
     0.76708
     0.34284
     0.79371
     0.27856
     0.75821
     0.36427
     0.83441
     0.10714
     0.66578
     0.51426
     0.80259
     0.25713
     0.74933
      0.3857
     0.81146
      0.2357
     0.74046
     0.40712
     0.84329
     0.08571
      0.6569
     0.53569
     0.82034
     0.21428
     0.73158
     0.42855
     0.84848
           0
     0.59997
     0.59997
     0.82921
     0.19285
     0.72271
     0.44998
     0.85216
    0.064283
     0.64803
     0.55712
     0.83809
     0.17142
     0.71383
     0.47141
     0.84696
     0.14999
     0.70496
     0.49283
     0.86104
    0.042855
     0.63915
     0.57854
     0.85584
     0.12857
     0.69608
     0.51426
     0.80626
     0.32141
     0.79739
     0.34284
     0.81514
     0.29999
     0.78851
     0.36427
     0.82401
     0.27856
     0.77964
      0.3857
     0.86991
    0.021428
     0.63028
     0.59997
     0.86471
     0.10714
      0.6872
     0.53569
     0.83289
     0.25713
     0.77076
     0.40712
     0.84176
      0.2357
     0.76188
     0.42855
     0.85064
     0.21428
     0.75301
     0.44998
     0.87359
     0.08571
     0.67833
     0.55712
     0.87879
           0
      0.6214
      0.6214
     0.85951
     0.19285
     0.74413
     0.47141
     0.88246
    0.064283
     0.66945
     0.57854
     0.86839
     0.17142
     0.73526
     0.49283
     0.87727
     0.14999
     0.72638
     0.51426
     0.89134
    0.042855
     0.66058
     0.59997
     0.88614
     0.12857
     0.71751
     0.53569
     0.82769
     0.34284
     0.83657
     0.32141
     0.81881
     0.36427
     0.84544
     0.29999
     0.80994
      0.3857
     0.85432
     0.27856
     0.80106
     0.40712
     0.90022
    0.021428
      0.6517
      0.6214
     0.86319
     0.25713
     0.79219
     0.42855
     0.89502
     0.10714
     0.70863
     0.55712
     0.87207
      0.2357
     0.78331
     0.44998
     0.88094
     0.21428
     0.77444
     0.47141
     0.90389
     0.08571
     0.69976
     0.57854
     0.90909
           0
     0.64283
     0.64283
     0.88982
     0.19285
     0.76556
     0.49283
     0.89869
     0.17142
     0.75669
     0.51426
     0.91277
    0.064283
     0.69088
     0.59997
     0.90757
     0.14999
     0.74781
     0.53569
     0.92164
    0.042855
     0.68201
      0.6214
     0.85799
     0.34284
     0.84912
     0.36427
     0.86687
     0.32141
     0.84024
      0.3857
     0.91644
     0.12857
     0.73894
     0.55712
     0.87574
     0.29999
     0.83137
     0.40712
     0.88462
     0.27856
     0.82249
     0.42855
     0.89349
     0.25713
     0.81362
     0.44998
     0.93052
    0.021428
     0.67313
     0.64283
     0.92532
     0.10714
     0.73006
     0.57854
     0.90237
      0.2357
     0.80474
     0.47141
     0.91125
     0.21428
     0.79586
     0.49283
      0.9342
     0.08571
     0.72118
     0.59997
     0.93939
           0
     0.66425
     0.66425
     0.92012
     0.19285
     0.78699
     0.51426
       0.929
     0.17142
     0.77811
     0.53569
     0.94307
    0.064283
     0.71231
      0.6214
     0.93787
     0.14999
     0.76924
     0.55712
     0.87942
     0.36427
      0.8883
     0.34284
     0.87054
      0.3857
     0.95195
    0.042855
     0.70343
     0.64283
     0.89717
     0.32141
     0.86167
     0.40712
     0.90605
     0.29999
     0.85279
     0.42855
     0.94675
     0.12857
     0.76036
     0.57854
     0.91492
     0.27856
     0.84392
     0.44998
      0.9238
     0.25713
     0.83504
     0.47141
     0.96082
    0.021428
     0.69456
     0.66425
     0.95562
     0.10714
     0.75149
     0.59997
     0.93267
      0.2357
     0.82617
     0.49283
     0.94155
     0.21428
     0.81729
     0.51426
      0.9645
     0.08571
     0.74261
      0.6214
      0.9697
           0
     0.68568
     0.68568
     0.95042
     0.19285
     0.80842
     0.53569
      0.9593
     0.17142
     0.79954
     0.55712
     0.97337
    0.064283
     0.73374
     0.64283
     0.96817
     0.14999
     0.79067
     0.57854
     0.90972
     0.36427
     0.90085
      0.3857
      0.9186
     0.34284
     0.89197
     0.40712
     0.92747
     0.32141
      0.8831
     0.42855
     0.98225
    0.042855
     0.72486
     0.66425
     0.93635
     0.29999
     0.87422
     0.44998
     0.94523
     0.27856
     0.86535
     0.47141
     0.97705
     0.12857
     0.78179
     0.59997
      0.9541
     0.25713
     0.85647
     0.49283
     0.99112
    0.021428
     0.71599
     0.68568
     0.96298
      0.2357
      0.8476
     0.51426
     0.98593
     0.10714
     0.77291
      0.6214
     0.97185
     0.21428
     0.83872
     0.53569
      0.9948
     0.08571
     0.76404
     0.64283
     0.98073
     0.19285
     0.82984
     0.55712
           1
           0
     0.70711
     0.70711
      0.9896
     0.17142
     0.82097
     0.57854
      1.0037
    0.064283
     0.75516
     0.66425
     0.93115
      0.3857
     0.94003
     0.36427
     0.92228
     0.40712
      0.9489
     0.34284
      0.9134
     0.42855
     0.99848
     0.14999
     0.81209
     0.59997
     0.95778
     0.32141
     0.90452
     0.44998
     0.96665
     0.29999
     0.89565
     0.47141
      1.0126
    0.042855
     0.74629
     0.68568
     0.97553
     0.27856
     0.88677
     0.49283
      1.0074
     0.12857
     0.80322
      0.6214
      0.9844
     0.25713
      0.8779
     0.51426
     0.99328
      0.2357
     0.86902
     0.53569
      1.0214
    0.021428
     0.73741
     0.70711
      1.0162
     0.10714
     0.79434
     0.64283
      1.0022
     0.21428
     0.86015
     0.55712
      1.0251
     0.08571
     0.78547
     0.66425
       1.011
     0.19285
     0.85127
     0.57854
      1.0199
     0.17142
      0.8424
     0.59997
     0.96145
      0.3857
     0.95258
     0.40712
       1.034
    0.064283
     0.77659
     0.68568
     0.97033
     0.36427
      0.9437
     0.42855
      0.9792
     0.34284
     0.93483
     0.44998
     0.98808
     0.32141
     0.92595
     0.47141
      1.0288
     0.14999
     0.83352
      0.6214
     0.99696
     0.29999
     0.91708
     0.49283
      1.0058
     0.27856
      0.9082
     0.51426
      1.0429
    0.042855
     0.76772
     0.70711
      1.0377
     0.12857
     0.82465
     0.64283
      1.0147
     0.25713
     0.89933
     0.53569
      1.0236
      0.2357
     0.89045
     0.55712
      1.0465
     0.10714
     0.81577
     0.66425
      1.0325
     0.21428
     0.88157
     0.57854
      1.0554
     0.08571
     0.80689
     0.68568
      1.0413
     0.19285
      0.8727
     0.59997
     0.98288
     0.40712
      1.0502
     0.17142
     0.86382
      0.6214
     0.99176
      0.3857
     0.97401
     0.42855
      1.0006
     0.36427
     0.96513
     0.44998
      1.0095
     0.34284
     0.95626
     0.47141
      1.0643
    0.064283
     0.79802
     0.70711
      1.0184
     0.32141
     0.94738
     0.49283
      1.0591
     0.14999
     0.85495
     0.64283
      1.0273
     0.29999
      0.9385
     0.51426
      1.0361
     0.27856
     0.92963
     0.53569
       1.068
     0.12857
     0.84607
     0.66425
       1.045
     0.25713
     0.92075
     0.55712
      1.0539
      0.2357
     0.91188
     0.57854
      1.0768
     0.10714
      0.8372
     0.68568
      1.0628
     0.21428
       0.903
     0.59997
      1.0716
     0.19285
     0.89413
      0.6214
      1.0857
     0.08571
     0.82832
     0.70711
      1.0132
     0.40712
      1.0043
     0.42855
      1.0221
      0.3857
     0.99543
     0.44998
      1.0309
     0.36427
     0.98656
     0.47141
      1.0805
     0.17142
     0.88525
     0.64283
      1.0398
     0.34284
     0.97768
     0.49283
      1.0487
     0.32141
     0.96881
     0.51426
      1.0576
     0.29999
     0.95993
     0.53569
      1.0894
     0.14999
     0.87638
     0.66425
      1.0664
     0.27856
     0.95106
     0.55712
      1.0753
     0.25713
     0.94218
     0.57854
      1.0983
     0.12857
      0.8675
     0.68568
      1.0842
      0.2357
     0.93331
     0.59997
      1.1071
     0.10714
     0.85863
     0.70711
      1.0931
     0.21428
     0.92443
      0.6214
      1.1019
     0.19285
     0.91555
     0.64283
      1.0346
     0.42855
      1.0435
     0.40712
      1.0257
     0.44998
      1.0524
      0.3857
      1.0169
     0.47141
      1.0612
     0.36427
       1.008
     0.49283
      1.0701
     0.34284
     0.99911
     0.51426
      1.1108
     0.17142
     0.90668
     0.66425
       1.079
     0.32141
     0.99023
     0.53569
      1.0879
     0.29999
     0.98136
     0.55712
      1.1197
     0.14999
      0.8978
     0.68568
      1.0967
     0.27856
     0.97248
     0.57854
      1.1056
     0.25713
     0.96361
     0.59997
      1.1286
     0.12857
     0.88893
     0.70711
      1.1145
      0.2357
     0.95473
      0.6214
      1.1234
     0.21428
     0.94586
     0.64283
      1.0649
     0.42855
       1.056
     0.44998
      1.0738
     0.40712
      1.0472
     0.47141
      1.1322
     0.19285
     0.93698
     0.66425
      1.0827
      0.3857
      1.0383
     0.49283
      1.0915
     0.36427
      1.0294
     0.51426
      1.1004
     0.34284
      1.0205
     0.53569
      1.1411
     0.17142
     0.92811
     0.68568
      1.1093
     0.32141
      1.0117
     0.55712
      1.1182
     0.29999
      1.0028
     0.57854
        1.15
     0.14999
     0.91923
     0.70711
       1.127
     0.27856
     0.99391
     0.59997
      1.1359
     0.25713
     0.98504
      0.6214
      1.1448
      0.2357
     0.97616
     0.64283
      1.1537
     0.21428
     0.96729
     0.66425
      1.0863
     0.44998
      1.0952
     0.42855
      1.0775
     0.47141
      1.1041
     0.40712
      1.0686
     0.49283
       1.113
      0.3857
      1.0597
     0.51426
      1.1625
     0.19285
     0.95841
     0.68568
      1.1218
     0.36427
      1.0508
     0.53569
      1.1307
     0.34284
       1.042
     0.55712
      1.1714
     0.17142
     0.94953
     0.70711
      1.1396
     0.32141
      1.0331
     0.57854
      1.1485
     0.29999
      1.0242
     0.59997
      1.1573
     0.27856
      1.0153
      0.6214
      1.1662
     0.25713
      1.0065
     0.64283
      1.1751
      0.2357
     0.99759
     0.66425
       1.184
     0.21428
     0.98871
     0.68568
      1.1166
     0.44998
      1.1078
     0.47141
      1.1255
     0.42855
      1.0989
     0.49283
      1.1344
     0.40712
        1.09
     0.51426
      1.1433
      0.3857
      1.0811
     0.53569
      1.1928
     0.19285
     0.97984
     0.70711
      1.1521
     0.36427
      1.0723
     0.55712
       1.161
     0.34284
      1.0634
     0.57854
      1.1699
     0.32141
      1.0545
     0.59997
      1.1788
     0.29999
      1.0456
      0.6214
      1.1876
     0.27856
      1.0368
     0.64283
      1.1965
     0.25713
      1.0279
     0.66425
      1.2054
      0.2357
       1.019
     0.68568
      1.1381
     0.47141
      1.1469
     0.44998
      1.1292
     0.49283
      1.1558
     0.42855
      1.1203
     0.51426
      1.2143
     0.21428
      1.0101
     0.70711
      1.1647
     0.40712
      1.1114
     0.53569
      1.1736
      0.3857
      1.1026
     0.55712
      1.1825
     0.36427
      1.0937
     0.57854
      1.1913
     0.34284
      1.0848
     0.59997
      1.2002
     0.32141
      1.0759
      0.6214
      1.2091
     0.29999
      1.0671
     0.64283
       1.218
     0.27856
      1.0582
     0.66425
      1.2268
     0.25713
      1.0493
     0.68568
      1.2357
      0.2357
      1.0404
     0.70711
      1.1684
     0.47141
      1.1595
     0.49283
      1.1773
     0.44998
      1.1506
     0.51426
      1.1861
     0.42855
      1.1418
     0.53569
       1.195
     0.40712
      1.1329
     0.55712
      1.2039
      0.3857
       1.124
     0.57854
      1.2128
     0.36427
      1.1151
     0.59997
      1.2216
     0.34284
      1.1062
      0.6214
      1.2305
     0.32141
      1.0974
     0.64283
      1.2394
     0.29999
      1.0885
     0.66425
      1.2483
     0.27856
      1.0796
     0.68568
      1.2571
     0.25713
      1.0707
     0.70711
      1.1898
     0.49283
      1.1987
     0.47141
      1.1809
     0.51426
      1.2076
     0.44998
      1.1721
     0.53569
      1.2164
     0.42855
      1.1632
     0.55712
      1.2253
     0.40712
      1.1543
     0.57854
      1.2342
      0.3857
      1.1454
     0.59997
      1.2431
     0.36427
      1.1366
      0.6214
      1.2519
     0.34284
      1.1277
     0.64283
      1.2608
     0.32141
      1.1188
     0.66425
      1.2697
     0.29999
      1.1099
     0.68568
      1.2786
     0.27856
       1.101
     0.70711
      1.2201
     0.49283
      1.2112
     0.51426
       1.229
     0.47141
      1.2024
     0.53569
      1.2379
     0.44998
      1.1935
     0.55712
      1.2467
     0.42855
      1.1846
     0.57854
      1.2556
     0.40712
      1.1757
     0.59997
      1.2645
      0.3857
      1.1669
      0.6214
      1.2734
     0.36427
       1.158
     0.64283
      1.2822
     0.34284
      1.1491
     0.66425
      1.2911
     0.32141
      1.1402
     0.68568
         1.3
     0.29999
      1.1314
     0.70711
      1.2415
     0.51426
      1.2504
     0.49283
      1.2327
     0.53569
      1.2593
     0.47141
      1.2238
     0.55712
      1.2682
     0.44998
      1.2149
     0.57854
       1.277
     0.42855
       1.206
     0.59997
      1.2859
     0.40712
      1.1972
      0.6214
      1.2948
      0.3857
      1.1883
     0.64283
      1.3037
     0.36427
      1.1794
     0.66425
      1.3125
     0.34284
      1.1705
     0.68568
      1.3214
     0.32141
      1.1617
     0.70711
      1.2718
     0.51426
       1.263
     0.53569
      1.2807
     0.49283
      1.2541
     0.55712
      1.2896
     0.47141
      1.2452
     0.57854
      1.2985
     0.44998
      1.2363
     0.59997
      1.3073
     0.42855
      1.2275
      0.6214
      1.3162
     0.40712
      1.2186
     0.64283
      1.3251
      0.3857
      1.2097
     0.66425
       1.334
     0.36427
      1.2008
     0.68568
      1.3428
     0.34284
       1.192
     0.70711
      1.2933
     0.53569
      1.3021
     0.51426
      1.2844
     0.55712
       1.311
     0.49283
      1.2755
     0.57854
      1.3199
     0.47141
      1.2666
     0.59997
      1.3288
     0.44998
      1.2578
      0.6214
      1.3376
     0.42855
      1.2489
     0.64283
      1.3465
     0.40712
        1.24
     0.66425
      1.3554
      0.3857
      1.2311
     0.68568
      1.3643
     0.36427
      1.2223
     0.70711
      1.3236
     0.53569
      1.3147
     0.55712
      1.3324
     0.51426
      1.3058
     0.57854
      1.3413
     0.49283
      1.2969
     0.59997
      1.3502
     0.47141
      1.2881
      0.6214
      1.3591
     0.44998
      1.2792
     0.64283
      1.3679
     0.42855
      1.2703
     0.66425
      1.3768
     0.40712
      1.2614
     0.68568
      1.3857
      0.3857
      1.2526
     0.70711
       1.345
     0.55712
      1.3539
     0.53569
      1.3361
     0.57854
      1.3627
     0.51426
      1.3272
     0.59997
      1.3716
     0.49283
      1.3184
      0.6214
      1.3805
     0.47141
      1.3095
     0.64283
      1.3894
     0.44998
      1.3006
     0.66425
      1.3982
     0.42855
      1.2917
     0.68568
      1.4071
     0.40712
      1.2829
     0.70711
      1.3753
     0.55712
      1.3664
     0.57854
      1.3842
     0.53569
      1.3575
     0.59997
       1.393
     0.51426
      1.3487
      0.6214
      1.4019
     0.49283
      1.3398
     0.64283
      1.4108
     0.47141
      1.3309
     0.66425
      1.4197
     0.44998
       1.322
     0.68568
      1.4286
     0.42855
      1.3132
     0.70711
      1.3967
     0.57854
      1.4056
     0.55712
      1.3879
     0.59997
      1.4145
     0.53569
       1.379
      0.6214
      1.4234
     0.51426
      1.3701
     0.64283
      1.4322
     0.49283
      1.3612
     0.66425
      1.4411
     0.47141
      1.3523
     0.68568
        1.45
     0.44998
      1.3435
     0.70711
       1.427
     0.57854
      1.4182
     0.59997
      1.4359
     0.55712
      1.4093
      0.6214
      1.4448
     0.53569
      1.4004
     0.64283
      1.4537
     0.51426
      1.3915
     0.66425
      1.4625
     0.49283
      1.3827
     0.68568
      1.4714
     0.47141
      1.3738
     0.70711
      1.4485
     0.59997
      1.4573
     0.57854
      1.4396
      0.6214
      1.4662
     0.55712
      1.4307
     0.64283
      1.4751
     0.53569
      1.4218
     0.66425
       1.484
     0.51426
       1.413
     0.68568
      1.4928
     0.49283
      1.4041
     0.70711
      1.4788
     0.59997
      1.4699
      0.6214
      1.4876
     0.57854
       1.461
     0.64283
      1.4965
     0.55712
      1.4521
     0.66425
      1.5054
     0.53569
      1.4433
     0.68568
      1.5143
     0.51426
      1.4344
     0.70711
      1.5002
      0.6214
      1.5091
     0.59997
      1.4913
     0.64283
      1.5179
     0.57854
      1.4824
     0.66425
      1.5268
     0.55712
      1.4736
     0.68568
      1.5357
     0.53569
      1.4647
     0.70711
      1.5305
      0.6214
      1.5216
     0.64283
      1.5394
     0.59997
      1.5127
     0.66425
      1.5482
     0.57854
      1.5039
     0.68568
      1.5571
     0.55712
       1.495
     0.70711
      1.5519
     0.64283
      1.5608
      0.6214
       1.543
     0.66425
      1.5697
     0.59997
      1.5342
     0.68568
      1.5785
     0.57854
      1.5253
     0.70711
      1.5822
     0.64283
      1.5733
     0.66425
      1.5911
      0.6214
      1.5645
     0.68568
         1.6
     0.59997
      1.5556
     0.70711
      1.6036
     0.66425
      1.6125
     0.64283
      1.5948
     0.68568
      1.6214
      0.6214
      1.5859
     0.70711
       1.634
     0.66425
      1.6251
     0.68568
      1.6428
     0.64283
      1.6162
     0.70711
      1.6554
     0.68568
      1.6643
     0.66425
      1.6465
     0.70711
      1.6857
     0.68568
      1.6768
     0.70711
      1.7071
     0.70711
1089
4
2 4 3 1
5 7 4 2
9 12 7 5
14 18 12 9
20 25 18 14
27 33 25 20
35 42 33 27
44 52 42 35
54 63 52 44
65 75 63 54
77 88 75 65
90 102 88 77
107 117 102 90
125 133 117 107
142 152 133 125
160 173 152 142
179 193 173 160
199 214 193 179
220 238 214 199
242 261 238 220
265 285 261 242
289 310 285 265
314 336 310 289
342 363 336 314
373 391 363 342
404 420 391 373
434 450 420 404
467 487 450 434
499 520 487 467
532 556 520 499
566 591 556 532
601 627 591 566
639 666 627 601
4 8 6 3
7 11 8 4
12 16 11 7
18 23 16 12
25 31 23 18
33 40 31 25
42 50 40 33
52 61 50 42
63 73 61 52
75 86 73 63
88 100 86 75
102 115 100 88
117 131 115 102
133 148 131 117
152 166 148 133
173 185 166 152
193 205 185 173
214 230 205 193
238 255 230 214
261 279 255 238
285 304 279 261
310 330 304 285
336 357 330 310
363 387 357 336
391 416 387 363
420 446 416 391
450 477 446 420
487 509 477 450
520 542 509 487
556 579 542 520
591 617 579 556
627 656 617 591
666 694 656 627
8 13 10 6
11 17 13 8
16 22 17 11
23 29 22 16
31 38 29 23
40 48 38 31
50 59 48 40
61 71 59 50
73 84 71 61
86 98 84 73
100 113 98 86
115 129 113 100
131 146 129 115
148 164 146 131
166 183 164 148
185 203 183 166
205 224 203 185
230 246 224 205
255 269 246 230
279 296 269 255
304 324 296 279
330 351 324 304
357 381 351 330
387 410 381 357
416 440 410 387
446 471 440 416
477 503 471 446
509 538 503 477
542 572 538 509
579 607 572 542
617 643 607 579
656 680 643 617
694 719 680 656
13 19 15 10
17 24 19 13
22 30 24 17
29 37 30 22
38 46 37 29
48 57 46 38
59 69 57 48
71 82 69 59
84 96 82 71
98 111 96 84
113 127 111 98
129 144 127 113
146 162 144 129
164 181 162 146
183 201 181 164
203 222 201 183
224 244 222 203
246 267 244 224
269 291 267 246
296 316 291 269
324 340 316 296
351 371 340 324
381 402 371 351
410 432 402 381
440 463 432 410
471 497 463 440
503 530 497 471
538 564 530 503
572 599 564 538
607 635 599 572
643 672 635 607
680 706 672 643
719 741 706 680
19 26 21 15
24 32 26 19
30 39 32 24
37 47 39 30
46 56 47 37
57 67 56 46
69 80 67 57
82 94 80 69
96 109 94 82
111 123 109 96
127 140 123 111
144 158 140 127
162 177 158 144
181 197 177 162
201 218 197 181
222 240 218 201
244 263 240 222
267 287 263 244
291 312 287 267
316 338 312 291
340 365 338 316
371 393 365 340
402 422 393 371
432 457 422 402
463 489 457 432
497 524 489 463
530 558 524 497
564 593 558 530
599 631 593 564
635 668 631 599
672 702 668 635
706 735 702 672
741 767 735 706
26 34 28 21
32 41 34 26
39 49 41 32
47 58 49 39
56 68 58 47
67 79 68 56
80 92 79 67
94 105 92 80
109 121 105 94
123 138 121 109
140 156 138 123
158 175 156 140
177 195 175 158
197 216 195 177
218 236 216 197
240 259 236 218
263 283 259 240
287 308 283 263
312 334 308 287
338 361 334 312
365 389 361 338
393 418 389 365
422 448 418 393
457 479 448 422
489 511 479 457
524 548 511 489
558 585 548 524
593 623 585 558
631 660 623 593
668 696 660 631
702 729 696 668
735 763 729 702
767 794 763 735
34 43 36 28
41 51 43 34
49 60 51 41
58 70 60 49
68 81 70 58
79 93 81 68
92 104 93 79
105 119 104 92
121 136 119 105
138 154 136 121
156 171 154 138
175 191 171 156
195 212 191 175
216 234 212 195
236 257 234 216
259 281 257 236
283 306 281 259
308 332 306 283
334 359 332 308
361 385 359 334
389 414 385 361
418 444 414 389
448 475 444 418
479 507 475 448
511 540 507 479
548 574 540 511
585 609 574 548
623 650 609 585
660 688 650 623
696 723 688 660
729 757 723 696
763 788 757 729
794 818 788 763
43 53 45 36
51 62 53 43
60 72 62 51
70 83 72 60
81 95 83 70
93 106 95 81
104 120 106 93
119 135 120 104
136 150 135 119
154 169 150 136
171 189 169 154
191 210 189 171
212 232 210 191
234 253 232 212
257 277 253 234
281 302 277 257
306 328 302 281
332 355 328 306
359 383 355 332
385 412 383 359
414 442 412 385
444 473 442 414
475 505 473 444
507 536 505 475
540 570 536 507
574 605 570 540
609 641 605 574
650 676 641 609
688 711 676 650
723 749 711 688
757 782 749 723
788 812 782 757
818 841 812 788
53 64 55 45
62 74 64 53
72 85 74 62
83 97 85 72
95 110 97 83
106 122 110 95
120 137 122 106
135 151 137 120
150 168 151 135
169 187 168 150
189 208 187 169
210 228 208 189
232 251 228 210
253 275 251 232
277 300 275 253
302 326 300 277
328 353 326 302
355 379 353 328
383 408 379 355
412 438 408 383
442 469 438 412
473 501 469 442
505 534 501 473
536 568 534 505
570 603 568 536
605 637 603 570
641 674 637 605
676 708 674 641
711 739 708 676
749 771 739 711
782 804 771 749
812 835 804 782
841 863 835 812
64 76 66 55
74 87 76 64
85 99 87 74
97 112 99 85
110 124 112 97
122 139 124 110
137 155 139 122
151 170 155 137
168 188 170 151
187 207 188 168
208 226 207 187
228 249 226 208
251 273 249 228
275 298 273 251
300 322 298 275
326 349 322 300
353 377 349 326
379 406 377 353
408 436 406 379
438 465 436 408
469 495 465 438
501 528 495 469
534 562 528 501
568 597 562 534
603 633 597 568
637 670 633 603
674 704 670 637
708 737 704 674
739 769 737 708
771 798 769 739
804 826 798 771
835 853 826 804
863 884 853 835
76 89 78 66
87 101 89 76
99 114 101 87
112 128 114 99
124 141 128 112
139 157 141 124
155 172 157 139
170 190 172 155
188 209 190 170
207 227 209 188
226 248 227 207
249 271 248 226
273 294 271 249
298 320 294 273
322 347 320 298
349 375 347 322
377 400 375 349
406 430 400 377
436 461 430 406
465 493 461 436
495 526 493 465
528 560 526 495
562 595 560 528
597 629 595 562
633 664 629 597
670 700 664 633
704 733 700 670
737 765 733 704
769 796 765 737
798 824 796 769
826 851 824 798
853 877 851 826
884 902 877 853
89 103 91 78
101 116 103 89
114 130 116 101
128 145 130 114
141 159 145 128
157 176 159 141
172 192 176 157
190 211 192 172
209 229 211 190
227 250 229 209
248 272 250 227
271 293 272 248
294 318 293 271
320 345 318 294
347 369 345 320
375 398 369 347
400 428 398 375
430 459 428 400
461 491 459 430
493 522 491 461
526 554 522 493
560 589 554 526
595 625 589 560
629 662 625 595
664 698 662 629
700 731 698 664
733 761 731 700
765 792 761 733
796 822 792 765
824 849 822 796
851 875 849 824
877 900 875 851
902 924 900 877
103 118 108 91
116 132 118 103
130 147 132 116
145 163 147 130
159 178 163 145
176 196 178 159
192 213 196 176
211 233 213 192
229 252 233 211
250 274 252 229
272 295 274 250
293 319 295 272
318 344 319 293
345 367 344 318
369 396 367 345
398 426 396 369
428 455 426 398
459 485 455 428
491 518 485 459
522 552 518 491
554 587 552 522
589 621 587 554
625 658 621 589
662 692 658 625
698 727 692 662
731 759 727 698
761 790 759 731
792 820 790 761
822 847 820 792
849 873 847 822
875 898 873 849
900 922 898 875
924 945 922 900
118 134 126 108
132 149 134 118
147 165 149 132
163 182 165 147
178 198 182 163
196 217 198 178
213 235 217 196
233 254 235 213
252 276 254 233
274 299 276 252
295 321 299 274
319 346 321 295
344 368 346 319
367 395 368 344
396 424 395 367
426 453 424 396
455 483 453 426
485 516 483 455
518 550 516 485
552 583 550 518
587 619 583 552
621 654 619 587
658 690 654 621
692 725 690 658
727 755 725 692
759 786 755 727
790 816 786 759
820 845 816 790
847 871 845 820
873 896 871 847
898 920 896 873
922 943 920 898
945 965 943 922
134 153 143 126
149 167 153 134
165 184 167 149
182 202 184 165
198 219 202 182
217 237 219 198
235 258 237 217
254 278 258 235
276 301 278 254
299 323 301 276
321 348 323 299
346 370 348 321
368 397 370 346
395 425 397 368
424 452 425 395
453 481 452 424
483 514 481 453
516 546 514 483
550 581 546 516
583 615 581 550
619 652 615 583
654 686 652 619
690 721 686 654
725 753 721 690
755 784 753 725
786 814 784 755
816 843 814 786
845 869 843 816
871 894 869 845
896 918 894 871
920 941 918 896
943 963 941 920
965 984 963 943
153 174 161 143
167 186 174 153
184 204 186 167
202 223 204 184
219 241 223 202
237 260 241 219
258 282 260 237
278 303 282 258
301 327 303 278
323 350 327 301
348 376 350 323
370 399 376 348
397 427 399 370
425 454 427 397
452 482 454 425
481 513 482 452
514 544 513 481
546 577 544 514
581 613 577 546
615 648 613 581
652 684 648 615
686 717 684 652
721 751 717 686
753 780 751 721
784 810 780 753
814 839 810 784
843 867 839 814
869 892 867 843
894 916 892 869
918 939 916 894
941 961 939 918
963 982 961 941
984 1002 982 963
174 194 180 161
186 206 194 174
204 225 206 186
223 245 225 204
241 264 245 223
260 284 264 241
282 307 284 260
303 329 307 282
327 354 329 303
350 378 354 327
376 401 378 350
399 429 401 376
427 456 429 399
454 484 456 427
482 515 484 454
513 545 515 482
544 576 545 513
577 611 576 544
613 646 611 577
648 682 646 613
684 715 682 648
717 747 715 684
751 778 747 717
780 808 778 751
810 837 808 780
839 865 837 810
867 890 865 839
892 914 890 867
916 937 914 892
939 959 937 916
961 980 959 939
982 1000 980 961
1002 1019 1000 982
194 215 200 180
206 231 215 194
225 247 231 206
245 268 247 225
264 288 268 245
284 309 288 264
307 333 309 284
329 356 333 307
354 380 356 329
378 407 380 354
401 431 407 378
429 460 431 401
456 486 460 429
484 517 486 456
515 547 517 484
545 578 547 515
576 612 578 545
611 645 612 576
646 678 645 611
682 713 678 646
715 745 713 682
747 776 745 715
778 806 776 747
808 833 806 778
837 861 833 808
865 888 861 837
890 912 888 865
914 935 912 890
937 957 935 914
959 978 957 937
980 998 978 959
1000 1017 998 980
1019 1035 1017 1000
215 239 221 200
231 256 239 215
247 270 256 231
268 292 270 247
288 313 292 268
309 335 313 288
333 360 335 309
356 384 360 333
380 409 384 356
407 437 409 380
431 462 437 407
460 492 462 431
486 519 492 460
517 551 519 486
547 582 551 517
578 614 582 547
612 647 614 578
645 679 647 612
678 710 679 645
713 743 710 678
745 774 743 713
776 802 774 745
806 831 802 776
833 859 831 806
861 886 859 833
888 910 886 861
912 933 910 888
935 955 933 912
957 976 955 935
978 996 976 957
998 1015 996 978
1017 1033 1015 998
1035 1050 1033 1017
239 262 243 221
256 280 262 239
270 297 280 256
292 317 297 270
313 339 317 292
335 362 339 313
360 386 362 335
384 413 386 360
409 439 413 384
437 466 439 409
462 494 466 437
492 523 494 462
519 553 523 492
551 584 553 519
582 616 584 551
614 649 616 582
647 683 649 614
679 714 683 647
710 744 714 679
743 773 744 710
774 800 773 743
802 829 800 774
831 857 829 802
859 882 857 831
886 908 882 859
910 931 908 886
933 953 931 910
955 974 953 933
976 994 974 955
996 1013 994 976
1015 1031 1013 996
1033 1048 1031 1015
1050 1064 1048 1033
262 286 266 243
280 305 286 262
297 325 305 280
317 341 325 297
339 366 341 317
362 390 366 339
386 415 390 362
413 443 415 386
439 470 443 413
466 496 470 439
494 527 496 466
523 555 527 494
553 588 555 523
584 620 588 553
616 653 620 584
649 685 653 616
683 716 685 649
714 746 716 683
744 775 746 714
773 801 775 744
800 828 801 773
829 855 828 800
857 880 855 829
882 906 880 857
908 929 906 882
931 951 929 908
953 972 951 931
974 992 972 953
994 1011 992 974
1013 1029 1011 994
1031 1046 1029 1013
1048 1062 1046 1031
1064 1077 1062 1048
286 311 290 266
305 331 311 286
325 352 331 305
341 372 352 325
366 394 372 341
390 419 394 366
415 445 419 390
443 474 445 415
470 502 474 443
496 529 502 470
527 561 529 496
555 590 561 527
588 622 590 555
620 655 622 588
653 687 655 620
685 718 687 653
716 748 718 685
746 777 748 716
775 803 777 746
801 830 803 775
828 856 830 801
855 879 856 828
880 904 879 855
906 927 904 880
929 949 927 906
951 970 949 929
972 990 970 951
992 1009 990 972
1011 1027 1009 992
1029 1044 1027 1011
1046 1060 1044 1029
1062 1075 1060 1046
1077 1089 1075 1062
311 337 315 290
331 358 337 311
352 382 358 331
372 403 382 352
394 423 403 372
419 449 423 394
445 476 449 419
474 506 476 445
502 535 506 474
529 563 535 502
561 596 563 529
590 626 596 561
622 659 626 590
655 691 659 622
687 722 691 655
718 752 722 687
748 779 752 718
777 807 779 748
803 832 807 777
830 858 832 803
856 881 858 830
879 905 881 856
904 926 905 879
927 947 926 904
949 968 947 927
970 988 968 949
990 1007 988 970
1009 1025 1007 990
1027 1042 1025 1009
1044 1058 1042 1027
1060 1073 1058 1044
1075 1087 1073 1060
1089 1100 1087 1075
337 364 343 315
358 388 364 337
382 411 388 358
403 433 411 382
423 458 433 403
449 480 458 423
476 508 480 449
506 537 508 476
535 569 537 506
563 598 569 535
596 630 598 563
626 663 630 596
659 693 663 626
691 726 693 659
722 754 726 691
752 781 754 722
779 809 781 752
807 834 809 779
832 860 834 807
858 883 860 832
881 907 883 858
905 928 907 881
926 948 928 905
947 967 948 926
968 986 967 947
988 1005 986 968
1007 1023 1005 988
1025 1040 1023 1007
1042 1056 1040 1025
1058 1071 1056 1042
1073 1085 1071 1058
1087 1098 1085 1073
1100 1110 1098 1087
364 392 374 343
388 417 392 364
411 441 417 388
433 464 441 411
458 490 464 433
480 512 490 458
508 541 512 480
537 571 541 508
569 604 571 537
598 634 604 569
630 665 634 598
663 699 665 630
693 728 699 663
726 756 728 693
754 785 756 726
781 811 785 754
809 838 811 781
834 862 838 809
860 887 862 834
883 909 887 860
907 930 909 883
928 950 930 907
948 969 950 928
967 987 969 948
986 1004 987 967
1005 1021 1004 986
1023 1038 1021 1005
1040 1054 1038 1023
1056 1069 1054 1040
1071 1083 1069 1056
1085 1096 1083 1071
1098 1108 1096 1085
1110 1119 1108 1098
392 421 405 374
417 447 421 392
441 472 447 417
464 498 472 441
490 525 498 464
512 549 525 490
541 575 549 512
571 606 575 541
604 638 606 571
634 671 638 604
665 701 671 634
699 732 701 665
728 760 732 699
756 787 760 728
785 815 787 756
811 840 815 785
838 866 840 811
862 889 866 838
887 911 889 862
909 932 911 887
930 952 932 909
950 971 952 930
969 989 971 950
987 1006 989 969
1004 1022 1006 987
1021 1037 1022 1004
1038 1052 1037 1021
1054 1067 1052 1038
1069 1081 1067 1054
1083 1094 1081 1069
1096 1106 1094 1083
1108 1117 1106 1096
1119 1127 1117 1108
421 451 435 405
447 478 451 421
472 504 478 447
498 531 504 472
525 559 531 498
549 586 559 525
575 610 586 549
606 642 610 575
638 675 642 606
671 705 675 638
701 734 705 671
732 762 734 701
760 791 762 732
787 817 791 760
815 844 817 787
840 868 844 815
866 891 868 840
889 913 891 866
911 934 913 889
932 954 934 911
952 973 954 932
971 991 973 952
989 1008 991 971
1006 1024 1008 989
1022 1039 1024 1006
1037 1053 1039 1022
1052 1066 1053 1037
1067 1079 1066 1052
1081 1092 1079 1067
1094 1104 1092 1081
1106 1115 1104 1094
1117 1125 1115 1106
1127 1134 1125 1117
451 488 468 435
478 510 488 451
504 539 510 478
531 565 539 504
559 594 565 531
586 624 594 559
610 651 624 586
642 677 651 610
675 709 677 642
705 738 709 675
734 766 738 705
762 793 766 734
791 821 793 762
817 846 821 791
844 870 846 817
868 893 870 844
891 915 893 868
913 936 915 891
934 956 936 913
954 975 956 934
973 993 975 954
991 1010 993 973
1008 1026 1010 991
1024 1041 1026 1008
1039 1055 1041 1024
1053 1068 1055 1039
1066 1080 1068 1053
1079 1091 1080 1066
1092 1102 1091 1079
1104 1113 1102 1092
1115 1123 1113 1104
1125 1132 1123 1115
1134 1140 1132 1125
488 521 500 468
510 543 521 488
539 573 543 510
565 600 573 539
594 632 600 565
624 661 632 594
651 689 661 624
677 712 689 651
709 740 712 677
738 770 740 709
766 797 770 738
793 823 797 766
821 848 823 793
846 872 848 821
870 895 872 846
893 917 895 870
915 938 917 893
936 958 938 915
956 977 958 936
975 995 977 956
993 1012 995 975
1010 1028 1012 993
1026 1043 1028 1010
1041 1057 1043 1026
1055 1070 1057 1041
1068 1082 1070 1055
1080 1093 1082 1068
1091 1103 1093 1080
1102 1112 1103 1091
1113 1121 1112 1102
1123 1130 1121 1113
1132 1138 1130 1123
1140 1145 1138 1132
521 557 533 500
543 580 557 521
573 608 580 543
600 636 608 573
632 669 636 600
661 697 669 632
689 724 697 661
712 750 724 689
740 772 750 712
770 799 772 740
797 825 799 770
823 850 825 797
848 874 850 823
872 897 874 848
895 919 897 872
917 940 919 895
938 960 940 917
958 979 960 938
977 997 979 958
995 1014 997 977
1012 1030 1014 995
1028 1045 1030 1012
1043 1059 1045 1028
1057 1072 1059 1043
1070 1084 1072 1057
1082 1095 1084 1070
1093 1105 1095 1082
1103 1114 1105 1093
1112 1122 1114 1103
1121 1129 1122 1112
1130 1136 1129 1121
1138 1143 1136 1130
1145 1149 1143 1138
557 592 567 533
580 618 592 557
608 644 618 580
636 673 644 608
669 703 673 636
697 730 703 669
724 758 730 697
750 783 758 724
772 805 783 750
799 827 805 772
825 852 827 799
850 876 852 825
874 899 876 850
897 921 899 874
919 942 921 897
940 962 942 919
960 981 962 940
979 999 981 960
997 1016 999 979
1014 1032 1016 997
1030 1047 1032 1014
1045 1061 1047 1030
1059 1074 1061 1045
1072 1086 1074 1059
1084 1097 1086 1072
1095 1107 1097 1084
1105 1116 1107 1095
1114 1124 1116 1105
1122 1131 1124 1114
1129 1137 1131 1122
1136 1142 1137 1129
1143 1147 1142 1136
1149 1152 1147 1143
592 628 602 567
618 657 628 592
644 681 657 618
673 707 681 644
703 736 707 673
730 764 736 703
758 789 764 730
783 813 789 758
805 836 813 783
827 854 836 805
852 878 854 827
876 901 878 852
899 923 901 876
921 944 923 899
942 964 944 921
962 983 964 942
981 1001 983 962
999 1018 1001 981
1016 1034 1018 999
1032 1049 1034 1016
1047 1063 1049 1032
1061 1076 1063 1047
1074 1088 1076 1061
1086 1099 1088 1074
1097 1109 1099 1086
1107 1118 1109 1097
1116 1126 1118 1107
1124 1133 1126 1116
1131 1139 1133 1124
1137 1144 1139 1131
1142 1148 1144 1137
1147 1151 1148 1142
1152 1154 1151 1147
628 667 640 602
657 695 667 628
681 720 695 657
707 742 720 681
736 768 742 707
764 795 768 736
789 819 795 764
813 842 819 789
836 864 842 813
854 885 864 836
878 903 885 854
901 925 903 878
923 946 925 901
944 966 946 923
964 985 966 944
983 1003 985 964
1001 1020 1003 983
1018 1036 1020 1001
1034 1051 1036 1018
1049 1065 1051 1034
1063 1078 1065 1049
1076 1090 1078 1063
1088 1101 1090 1076
1099 1111 1101 1088
1109 1120 1111 1099
1118 1128 1120 1109
1126 1135 1128 1118
1133 1141 1135 1126
1139 1146 1141 1133
1144 1150 1146 1139
1148 1153 1150 1144
1151 1155 1153 1148
1154 1156 1155 1151
99
1
2
3
1
2
5
5
9
9
14
14
20
20
27
27
35
35
44
44
54
54
65
65
77
77
90
90
107
107
125
125
142
142
160
160
179
179
199
199
220
220
242
242
265
265
289
289
314
314
342
342
373
373
404
404
434
434
467
467
499
499
532
532
566
566
601
601
639
639
666
6
3
666
694
10
6
694
719
15
10
719
741
21
15
741
767
28
21
767
794
36
28
794
818
45
36
818
841
55
45
841
863
66
55
863
884
78
66
884
902
91
78
902
924
108
91
924
945
126
108
945
965
143
126
965
984
161
143
984
1002
180
161
1002
1019
200
180
1019
1035
221
200
1035
1050
243
221
1050
1064
266
243
1064
1077
290
266
1077
1089
315
290
1089
1100
343
315
1100
1110
374
343
1110
1119
405
374
1119
1127
435
405
1127
1134
468
435
1134
1140
500
468
1140
1145
533
500
1145
1149
567
533
1149
1152
602
567
1152
1154
640
602
1154
1156
33
667
640
           1 
           0
695
667
           1 
           0
720
695
           1 
           0
742
720
           1 
           0
768
742
           1 
           0
795
768
           1 
           0
819
795
           1 
           0
842
819
           1 
           0
864
842
           1 
           0
885
864
           1 
           0
903
885
           1 
           0
925
903
           1 
           0
946
925
           1 
           0
966
946
           1 
           0
985
966
           1 
           0
1003
985
           1 
           0
1020
1003
           1 
           0
1036
1020
           1 
           0
1051
1036
           1 
           0
1065
1051
           1 
           0
1078
1065
           1 
           0
1090
1078
           1 
           0
1101
1090
           1 
           0
1111
1101
           1 
           0
1120
1111
           1 
           0
1128
1120
           1 
           0
1135
1128
           1 
           0
1141
1135
           1 
           0
1146
1141
           1 
           0
1150
1146
           1 
           0
1153
1150
           1 
           0
1155
1153
           1 
           0
1156
1155
           1 
           0
0
